Id,log rank,log_GSS
0,0,-1.3182
1,0.30103,-1.55137
2,0.477121,-1.68343
3,0.60206,-1.68343
4,0.69897,-1.68343
5,0.778151,-1.80273
6,0.845098,-1.80273
7,0.90309,-1.80273
8,0.954243,-2.11225
9,1,-2.11225
10,1.04139,-2.11225
11,1.07918,-2.24487
12,1.11394,-2.24487
13,1.14613,-2.24487
14,1.17609,-2.28977
15,1.20412,-2.28977
16,1.23045,-2.28977
17,1.25527,-2.28977
18,1.27875,-2.28977
19,1.30103,-2.28977
20,1.32222,-2.31182
21,1.34242,-2.31182
22,1.36173,-2.31182
23,1.38021,-2.391
24,1.39794,-2.391
25,1.41497,-2.391
26,1.43136,-2.391
27,1.44716,-2.391
28,1.4624,-2.391
29,1.47712,-2.41328
30,1.49136,-2.41328
31,1.50515,-2.41328
32,1.51851,-2.41328
33,1.53148,-2.41328
34,1.54407,-2.41328
35,1.5563,-2.48791
36,1.5682,-2.48791
37,1.57978,-2.48791
38,1.59106,-2.48791
39,1.60206,-2.48791
40,1.61278,-2.48791
41,1.62325,-2.48791
42,1.63347,-2.48791
43,1.64345,-2.48791
44,1.65321,-2.48791
45,1.66276,-2.48791
46,1.6721,-2.48791
47,1.68124,-2.48791
48,1.6902,-2.50876
49,1.69897,-2.50876
50,1.70757,-2.50876
51,1.716,-2.5459
52,1.72428,-2.5459
53,1.73239,-2.5459
54,1.74036,-2.5459
55,1.74819,-2.5459
56,1.75587,-2.5459
57,1.76343,-2.58652
58,1.77085,-2.58652
59,1.77815,-2.58652
60,1.78533,-2.58652
61,1.79239,-2.58652
62,1.79934,-2.58652
63,1.80618,-2.61285
64,1.81291,-2.61285
65,1.81954,-2.61285
66,1.82607,-2.61285
67,1.83251,-2.61285
68,1.83885,-2.61285
69,1.8451,-2.61285
70,1.85126,-2.61285
71,1.85733,-2.61285
72,1.86332,-2.72589
73,1.86923,-2.72589
74,1.87506,-2.72589
75,1.88081,-2.72589
76,1.88649,-2.72589
77,1.89209,-2.72589
78,1.89763,-2.73779
79,1.90309,-2.73779
80,1.90849,-2.73779
81,1.91381,-2.75002
82,1.91908,-2.75002
83,1.92428,-2.75002
84,1.92942,-2.75002
85,1.9345,-2.75002
86,1.93952,-2.75002
87,1.94448,-2.76261
88,1.94939,-2.76261
89,1.95424,-2.76261
90,1.95904,-2.76261
91,1.96379,-2.76261
92,1.96848,-2.76261
93,1.97313,-2.78894
94,1.97772,-2.78894
95,1.98227,-2.78894
96,1.98677,-2.78894
97,1.99123,-2.78894
98,1.99564,-2.78894
99,2,-2.78894
100,2.00432,-2.78894
101,2.0086,-2.78894
102,2.01284,-2.78894
103,2.01703,-2.78894
104,2.02119,-2.78894
105,2.02531,-2.78894
106,2.02938,-2.78894
107,2.03342,-2.78894
108,2.03743,-2.78894
109,2.04139,-2.78894
110,2.04532,-2.78894
111,2.04922,-2.78894
112,2.05308,-2.78894
113,2.0569,-2.78894
114,2.0607,-2.78894
115,2.06446,-2.78894
116,2.06819,-2.78894
117,2.07188,-2.80273
118,2.07555,-2.80273
119,2.07918,-2.80273
120,2.08279,-2.80273
121,2.08636,-2.80273
122,2.08991,-2.80273
123,2.09342,-2.80273
124,2.09691,-2.80273
125,2.10037,-2.80273
126,2.1038,-2.80273
127,2.10721,-2.80273
128,2.11059,-2.80273
129,2.11394,-2.81697
130,2.11727,-2.81697
131,2.12057,-2.84693
132,2.12385,-2.84693
133,2.1271,-2.84693
134,2.13033,-2.87912
135,2.13354,-2.87912
136,2.13672,-2.87912
137,2.13988,-2.97187
138,2.14301,-2.97187
139,2.14613,-2.97187
140,2.14922,-2.97187
141,2.15229,-2.97187
142,2.15534,-2.97187
143,2.15836,-2.99306
144,2.16137,-2.99306
145,2.16435,-2.99306
146,2.16732,-2.99306
147,2.17026,-2.99306
148,2.17319,-2.99306
149,2.17609,-2.99306
150,2.17898,-2.99306
151,2.18184,-2.99306
152,2.18469,-2.99306
153,2.18752,-2.99306
154,2.19033,-2.99306
155,2.19312,-2.99306
156,2.1959,-2.99306
157,2.19866,-2.99306
158,2.2014,-2.99306
159,2.20412,-2.99306
160,2.20683,-2.99306
161,2.20952,-2.99306
162,2.21219,-2.99306
163,2.21484,-2.99306
164,2.21748,-2.99306
165,2.22011,-2.99306
166,2.22272,-2.99306
167,2.22531,-2.99306
168,2.22789,-2.99306
169,2.23045,-2.99306
170,2.233,-2.99306
171,2.23553,-2.99306
172,2.23805,-2.99306
173,2.24055,-2.99306
174,2.24304,-2.99306
175,2.24551,-2.99306
176,2.24797,-2.99306
177,2.25042,-2.99306
178,2.25285,-2.99306
179,2.25527,-3.01534
180,2.25768,-3.01534
181,2.26007,-3.01534
182,2.26245,-3.01534
183,2.26482,-3.01534
184,2.26717,-3.01534
185,2.26951,-3.03882
186,2.27184,-3.03882
187,2.27416,-3.03882
188,2.27646,-3.03882
189,2.27875,-3.03882
190,2.28103,-3.03882
191,2.2833,-3.03882
192,2.28556,-3.03882
193,2.2878,-3.03882
194,2.29003,-3.03882
195,2.29226,-3.03882
196,2.29447,-3.03882
197,2.29667,-3.03882
198,2.29885,-3.03882
199,2.30103,-3.03882
200,2.3032,-3.03882
201,2.30535,-3.08997
202,2.3075,-3.08997
203,2.30963,-3.08997
204,2.31175,-3.08997
205,2.31387,-3.08997
206,2.31597,-3.08997
207,2.31806,-3.08997
208,2.32015,-3.08997
209,2.32222,-3.08997
210,2.32428,-3.08997
211,2.32634,-3.08997
212,2.32838,-3.08997
213,2.33041,-3.08997
214,2.33244,-3.08997
215,2.33445,-3.08997
216,2.33646,-3.08997
217,2.33846,-3.08997
218,2.34044,-3.08997
219,2.34242,-3.08997
220,2.34439,-3.08997
221,2.34635,-3.08997
222,2.3483,-3.08997
223,2.35025,-3.08997
224,2.35218,-3.08997
225,2.35411,-3.08997
226,2.35603,-3.08997
227,2.35793,-3.08997
228,2.35984,-3.08997
229,2.36173,-3.08997
230,2.36361,-3.08997
231,2.36549,-3.08997
232,2.36736,-3.08997
233,2.36922,-3.08997
234,2.37107,-3.08997
235,2.37291,-3.08997
236,2.37475,-3.08997
237,2.37658,-3.08997
238,2.3784,-3.08997
239,2.38021,-3.08997
240,2.38202,-3.08997
241,2.38382,-3.08997
242,2.38561,-3.08997
243,2.38739,-3.08997
244,2.38917,-3.08997
245,2.39094,-3.08997
246,2.3927,-3.08997
247,2.39445,-3.08997
248,2.3962,-3.08997
249,2.39794,-3.08997
250,2.39967,-3.08997
251,2.4014,-3.08997
252,2.40312,-3.08997
253,2.40483,-3.08997
254,2.40654,-3.08997
255,2.40824,-3.08997
256,2.40993,-3.08997
257,2.41162,-3.08997
258,2.4133,-3.08997
259,2.41497,-3.08997
260,2.41664,-3.08997
261,2.4183,-3.08997
262,2.41996,-3.08997
263,2.4216,-3.08997
264,2.42325,-3.08997
265,2.42488,-3.08997
266,2.42651,-3.08997
267,2.42813,-3.08997
268,2.42975,-3.08997
269,2.43136,-3.08997
270,2.43297,-3.08997
271,2.43457,-3.08997
272,2.43616,-3.08997
273,2.43775,-3.08997
274,2.43933,-3.08997
275,2.44091,-3.08997
276,2.44248,-3.08997
277,2.44404,-3.08997
278,2.4456,-3.08997
279,2.44716,-3.08997
280,2.44871,-3.08997
281,2.45025,-3.08997
282,2.45179,-3.08997
283,2.45332,-3.08997
284,2.45484,-3.08997
285,2.45637,-3.08997
286,2.45788,-3.08997
287,2.45939,-3.08997
288,2.4609,-3.08997
289,2.4624,-3.08997
290,2.46389,-3.08997
291,2.46538,-3.08997
292,2.46687,-3.08997
293,2.46835,-3.08997
294,2.46982,-3.08997
295,2.47129,-3.08997
296,2.47276,-3.08997
297,2.47422,-3.08997
298,2.47567,-3.08997
299,2.47712,-3.08997
300,2.47857,-3.08997
301,2.48001,-3.08997
302,2.48144,-3.08997
303,2.48287,-3.08997
304,2.4843,-3.08997
305,2.48572,-3.08997
306,2.48714,-3.08997
307,2.48855,-3.08997
308,2.48996,-3.08997
309,2.49136,-3.08997
310,2.49276,-3.08997
311,2.49415,-3.08997
312,2.49554,-3.118
313,2.49693,-3.118
314,2.49831,-3.118
315,2.49969,-3.118
316,2.50106,-3.118
317,2.50243,-3.118
318,2.50379,-3.14796
319,2.50515,-3.14796
320,2.50651,-3.14796
321,2.50786,-3.14796
322,2.5092,-3.14796
323,2.51055,-3.14796
324,2.51188,-3.14796
325,2.51322,-3.14796
326,2.51455,-3.14796
327,2.51587,-3.14796
328,2.5172,-3.14796
329,2.51851,-3.14796
330,2.51983,-3.21491
331,2.52114,-3.21491
332,2.52244,-3.21491
333,2.52375,-3.21491
334,2.52504,-3.21491
335,2.52634,-3.21491
336,2.52763,-3.21491
337,2.52892,-3.21491
338,2.5302,-3.21491
339,2.53148,-3.21491
340,2.53275,-3.21491
341,2.53403,-3.21491
342,2.53529,-3.21491
343,2.53656,-3.21491
344,2.53782,-3.21491
345,2.53908,-3.21491
346,2.54033,-3.21491
347,2.54158,-3.21491
348,2.54283,-3.21491
349,2.54407,-3.21491
350,2.54531,-3.21491
351,2.54654,-3.21491
352,2.54777,-3.21491
353,2.549,-3.21491
354,2.55023,-3.21491
355,2.55145,-3.21491
356,2.55267,-3.21491
357,2.55388,-3.21491
358,2.55509,-3.21491
359,2.5563,-3.21491
360,2.55751,-3.21491
361,2.55871,-3.21491
362,2.55991,-3.21491
363,2.5611,-3.21491
364,2.56229,-3.21491
365,2.56348,-3.21491
366,2.56467,-3.21491
367,2.56585,-3.21491
368,2.56703,-3.21491
369,2.5682,-3.21491
370,2.56937,-3.21491
371,2.57054,-3.21491
372,2.57171,-3.21491
373,2.57287,-3.21491
374,2.57403,-3.21491
375,2.57519,-3.21491
376,2.57634,-3.21491
377,2.57749,-3.21491
378,2.57864,-3.21491
379,2.57978,-3.21491
380,2.58092,-3.21491
381,2.58206,-3.21491
382,2.5832,-3.21491
383,2.58433,-3.21491
384,2.58546,-3.21491
385,2.58659,-3.21491
386,2.58771,-3.21491
387,2.58883,-3.21491
388,2.58995,-3.21491
389,2.59106,-3.21491
390,2.59218,-3.21491
391,2.59329,-3.21491
392,2.59439,-3.21491
393,2.5955,-3.21491
394,2.5966,-3.21491
395,2.5977,-3.21491
396,2.59879,-3.21491
397,2.59988,-3.21491
398,2.60097,-3.21491
399,2.60206,-3.21491
400,2.60314,-3.21491
401,2.60423,-3.21491
402,2.60531,-3.21491
403,2.60638,-3.21491
404,2.60746,-3.21491
405,2.60853,-3.21491
406,2.60959,-3.21491
407,2.61066,-3.21491
408,2.61172,-3.21491
409,2.61278,-3.21491
410,2.61384,-3.21491
411,2.6149,-3.21491
412,2.61595,-3.21491
413,2.617,-3.21491
414,2.61805,-3.21491
415,2.61909,-3.2527
416,2.62014,-3.2527
417,2.62118,-3.2527
418,2.62221,-3.2527
419,2.62325,-3.2527
420,2.62428,-3.2527
421,2.62531,-3.29409
422,2.62634,-3.29409
423,2.62737,-3.29409
424,2.62839,-3.29409
425,2.62941,-3.29409
426,2.63043,-3.29409
427,2.63144,-3.29409
428,2.63246,-3.29409
429,2.63347,-3.29409
430,2.63448,-3.29409
431,2.63548,-3.29409
432,2.63649,-3.29409
433,2.63749,-3.29409
434,2.63849,-3.29409
435,2.63949,-3.29409
436,2.64048,-3.29409
437,2.64147,-3.29409
438,2.64246,-3.29409
439,2.64345,-3.29409
440,2.64444,-3.29409
441,2.64542,-3.29409
442,2.6464,-3.29409
443,2.64738,-3.29409
444,2.64836,-3.29409
445,2.64933,-3.29409
446,2.65031,-3.29409
447,2.65128,-3.29409
448,2.65225,-3.33985
449,2.65321,-3.33985
450,2.65418,-3.33985
451,2.65514,-3.33985
452,2.6561,-3.33985
453,2.65706,-3.33985
454,2.65801,-3.33985
455,2.65896,-3.33985
456,2.65992,-3.33985
457,2.66087,-3.33985
458,2.66181,-3.33985
459,2.66276,-3.33985
460,2.6637,-3.33985
461,2.66464,-3.33985
462,2.66558,-3.33985
463,2.66652,-3.391
464,2.66745,-3.391
465,2.66839,-3.391
466,2.66932,-3.391
467,2.67025,-3.391
468,2.67117,-3.391
469,2.6721,-3.391
470,2.67302,-3.391
471,2.67394,-3.391
472,2.67486,-3.391
473,2.67578,-3.391
474,2.67669,-3.391
475,2.67761,-3.391
476,2.67852,-3.391
477,2.67943,-3.391
478,2.68034,-3.391
479,2.68124,-3.391
480,2.68215,-3.391
481,2.68305,-3.391
482,2.68395,-3.391
483,2.68485,-3.391
484,2.68574,-3.391
485,2.68664,-3.391
486,2.68753,-3.391
487,2.68842,-3.391
488,2.68931,-3.391
489,2.6902,-3.391
490,2.69108,-3.391
491,2.69197,-3.391
492,2.69285,-3.391
493,2.69373,-3.391
494,2.69461,-3.391
495,2.69548,-3.391
496,2.69636,-3.391
497,2.69723,-3.391
498,2.6981,-3.391
499,2.69897,-3.391
500,2.69984,-3.391
501,2.7007,-3.391
502,2.70157,-3.391
503,2.70243,-3.391
504,2.70329,-3.391
505,2.70415,-3.391
506,2.70501,-3.391
507,2.70586,-3.391
508,2.70672,-3.391
509,2.70757,-3.391
510,2.70842,-3.391
511,2.70927,-3.391
512,2.71012,-3.391
513,2.71096,-3.391
514,2.71181,-3.391
515,2.71265,-3.391
516,2.71349,-3.391
517,2.71433,-3.391
518,2.71517,-3.391
519,2.716,-3.391
520,2.71684,-3.391
521,2.71767,-3.391
522,2.7185,-3.391
523,2.71933,-3.391
524,2.72016,-3.391
525,2.72099,-3.391
526,2.72181,-3.391
527,2.72263,-3.391
528,2.72346,-3.391
529,2.72428,-3.391
530,2.72509,-3.391
531,2.72591,-3.391
532,2.72673,-3.391
533,2.72754,-3.391
534,2.72835,-3.391
535,2.72916,-3.391
536,2.72997,-3.391
537,2.73078,-3.391
538,2.73159,-3.44899
539,2.73239,-3.44899
540,2.7332,-3.44899
541,2.734,-3.44899
542,2.7348,-3.44899
543,2.7356,-3.44899
544,2.7364,-3.51594
545,2.73719,-3.51594
546,2.73799,-3.51594
547,2.73878,-3.51594
548,2.73957,-3.51594
549,2.74036,-3.51594
550,2.74115,-3.51594
551,2.74194,-3.51594
552,2.74273,-3.51594
553,2.74351,-3.51594
554,2.74429,-3.51594
555,2.74507,-3.51594
556,2.74586,-3.51594
557,2.74663,-3.51594
558,2.74741,-3.51594
559,2.74819,-3.51594
560,2.74896,-3.51594
561,2.74974,-3.51594
562,2.75051,-3.51594
563,2.75128,-3.51594
564,2.75205,-3.51594
565,2.75282,-3.51594
566,2.75358,-3.51594
567,2.75435,-3.51594
568,2.75511,-3.51594
569,2.75587,-3.51594
570,2.75664,-3.51594
571,2.7574,-3.51594
572,2.75815,-3.51594
573,2.75891,-3.51594
574,2.75967,-3.51594
575,2.76042,-3.51594
576,2.76118,-3.51594
577,2.76193,-3.51594
578,2.76268,-3.51594
579,2.76343,-3.51594
580,2.76418,-3.51594
581,2.76492,-3.51594
582,2.76567,-3.51594
583,2.76641,-3.51594
584,2.76716,-3.51594
585,2.7679,-3.51594
586,2.76864,-3.51594
587,2.76938,-3.51594
588,2.77012,-3.51594
589,2.77085,-3.51594
590,2.77159,-3.51594
591,2.77232,-3.51594
592,2.77305,-3.51594
593,2.77379,-3.51594
594,2.77452,-3.51594
595,2.77525,-3.51594
596,2.77597,-3.51594
597,2.7767,-3.51594
598,2.77743,-3.51594
599,2.77815,-3.51594
600,2.77887,-3.51594
601,2.7796,-3.51594
602,2.78032,-3.51594
603,2.78104,-3.51594
604,2.78176,-3.51594
605,2.78247,-3.51594
606,2.78319,-3.51594
607,2.7839,-3.51594
608,2.78462,-3.51594
609,2.78533,-3.59512
610,2.78604,-3.59512
611,2.78675,-3.59512
612,2.78746,-3.59512
613,2.78817,-3.59512
614,2.78888,-3.59512
615,2.78958,-3.59512
616,2.79029,-3.59512
617,2.79099,-3.59512
618,2.79169,-3.59512
619,2.79239,-3.59512
620,2.79309,-3.59512
621,2.79379,-3.59512
622,2.79449,-3.59512
623,2.79518,-3.59512
624,2.79588,-3.59512
625,2.79657,-3.59512
626,2.79727,-3.59512
627,2.79796,-3.59512
628,2.79865,-3.59512
629,2.79934,-3.59512
630,2.80003,-3.59512
631,2.80072,-3.59512
632,2.8014,-3.59512
633,2.80209,-3.59512
634,2.80277,-3.59512
635,2.80346,-3.59512
636,2.80414,-3.59512
637,2.80482,-3.59512
638,2.8055,-3.59512
639,2.80618,-3.59512
640,2.80686,-3.59512
641,2.80754,-3.59512
642,2.80821,-3.59512
643,2.80889,-3.59512
644,2.80956,-3.59512
645,2.81023,-3.59512
646,2.8109,-3.59512
647,2.81158,-3.59512
648,2.81224,-3.59512
649,2.81291,-3.59512
650,2.81358,-3.59512
651,2.81425,-3.59512
652,2.81491,-3.59512
653,2.81558,-3.59512
654,2.81624,-3.59512
655,2.8169,-3.59512
656,2.81757,-3.59512
657,2.81823,-3.59512
658,2.81889,-3.59512
659,2.81954,-3.59512
660,2.8202,-3.59512
661,2.82086,-3.59512
662,2.82151,-3.59512
663,2.82217,-3.59512
664,2.82282,-3.59512
665,2.82347,-3.59512
666,2.82413,-3.59512
667,2.82478,-3.59512
668,2.82543,-3.59512
669,2.82607,-3.59512
670,2.82672,-3.59512
671,2.82737,-3.59512
672,2.82802,-3.59512
673,2.82866,-3.59512
674,2.8293,-3.59512
675,2.82995,-3.59512
676,2.83059,-3.59512
677,2.83123,-3.59512
678,2.83187,-3.59512
679,2.83251,-3.59512
680,2.83315,-3.59512
681,2.83378,-3.59512
682,2.83442,-3.59512
683,2.83506,-3.59512
684,2.83569,-3.59512
685,2.83632,-3.59512
686,2.83696,-3.59512
687,2.83759,-3.59512
688,2.83822,-3.59512
689,2.83885,-3.59512
690,2.83948,-3.59512
691,2.84011,-3.59512
692,2.84073,-3.59512
693,2.84136,-3.59512
694,2.84198,-3.59512
695,2.84261,-3.59512
696,2.84323,-3.59512
697,2.84386,-3.59512
698,2.84448,-3.59512
699,2.8451,-3.59512
700,2.84572,-3.59512
701,2.84634,-3.59512
702,2.84696,-3.59512
703,2.84757,-3.59512
704,2.84819,-3.59512
705,2.8488,-3.59512
706,2.84942,-3.59512
707,2.85003,-3.59512
708,2.85065,-3.59512
709,2.85126,-3.59512
710,2.85187,-3.69203
711,2.85248,-3.69203
712,2.85309,-3.69203
713,2.8537,-3.69203
714,2.85431,-3.69203
715,2.85491,-3.69203
716,2.85552,-3.69203
717,2.85612,-3.69203
718,2.85673,-3.69203
719,2.85733,-3.69203
720,2.85794,-3.69203
721,2.85854,-3.69203
722,2.85914,-3.69203
723,2.85974,-3.69203
724,2.86034,-3.69203
725,2.86094,-3.69203
726,2.86153,-3.69203
727,2.86213,-3.69203
728,2.86273,-3.69203
729,2.86332,-3.69203
730,2.86392,-3.69203
731,2.86451,-3.69203
732,2.8651,-3.69203
733,2.8657,-3.69203
734,2.86629,-3.69203
735,2.86688,-3.69203
736,2.86747,-3.69203
737,2.86806,-3.69203
738,2.86864,-3.69203
739,2.86923,-3.69203
740,2.86982,-3.69203
741,2.8704,-3.69203
742,2.87099,-3.69203
743,2.87157,-3.69203
744,2.87216,-3.69203
745,2.87274,-3.69203
746,2.87332,-3.69203
747,2.8739,-3.69203
748,2.87448,-3.69203
749,2.87506,-3.69203
750,2.87564,-3.69203
751,2.87622,-3.69203
752,2.87679,-3.69203
753,2.87737,-3.69203
754,2.87795,-3.69203
755,2.87852,-3.69203
756,2.8791,-3.69203
757,2.87967,-3.69203
758,2.88024,-3.69203
759,2.88081,-3.69203
760,2.88138,-3.69203
761,2.88195,-3.69203
762,2.88252,-3.69203
763,2.88309,-3.69203
764,2.88366,-3.69203
765,2.88423,-3.69203
766,2.8848,-3.69203
767,2.88536,-3.69203
768,2.88593,-3.69203
769,2.88649,-3.69203
770,2.88705,-3.69203
771,2.88762,-3.69203
772,2.88818,-3.69203
773,2.88874,-3.69203
774,2.8893,-3.69203
775,2.88986,-3.69203
776,2.89042,-3.69203
777,2.89098,-3.69203
778,2.89154,-3.69203
779,2.89209,-3.69203
780,2.89265,-3.69203
781,2.89321,-3.69203
782,2.89376,-3.69203
783,2.89432,-3.69203
784,2.89487,-3.69203
785,2.89542,-3.69203
786,2.89597,-3.69203
787,2.89653,-3.69203
788,2.89708,-3.69203
789,2.89763,-3.69203
790,2.89818,-3.69203
791,2.89873,-3.69203
792,2.89927,-3.69203
793,2.89982,-3.69203
794,2.90037,-3.69203
795,2.90091,-3.69203
796,2.90146,-3.69203
797,2.902,-3.69203
798,2.90255,-3.69203
799,2.90309,-3.69203
800,2.90363,-3.69203
801,2.90417,-3.69203
802,2.90472,-3.69203
803,2.90526,-3.69203
804,2.9058,-3.69203
805,2.90634,-3.69203
806,2.90687,-3.69203
807,2.90741,-3.69203
808,2.90795,-3.69203
809,2.90849,-3.69203
810,2.90902,-3.69203
811,2.90956,-3.69203
812,2.91009,-3.69203
813,2.91062,-3.69203
814,2.91116,-3.69203
815,2.91169,-3.69203
816,2.91222,-3.69203
817,2.91275,-3.69203
818,2.91328,-3.69203
819,2.91381,-3.69203
820,2.91434,-3.69203
821,2.91487,-3.69203
822,2.9154,-3.69203
823,2.91593,-3.69203
824,2.91645,-3.69203
825,2.91698,-3.69203
826,2.91751,-3.69203
827,2.91803,-3.69203
828,2.91855,-3.69203
829,2.91908,-3.69203
830,2.9196,-3.69203
831,2.92012,-3.69203
832,2.92065,-3.69203
833,2.92117,-3.69203
834,2.92169,-3.69203
835,2.92221,-3.69203
836,2.92273,-3.69203
837,2.92324,-3.69203
838,2.92376,-3.69203
839,2.92428,-3.69203
840,2.9248,-3.69203
841,2.92531,-3.69203
842,2.92583,-3.69203
843,2.92634,-3.69203
844,2.92686,-3.69203
845,2.92737,-3.69203
846,2.92788,-3.69203
847,2.9284,-3.69203
848,2.92891,-3.69203
849,2.92942,-3.69203
850,2.92993,-3.69203
851,2.93044,-3.69203
852,2.93095,-3.69203
853,2.93146,-3.69203
854,2.93197,-3.69203
855,2.93247,-3.69203
856,2.93298,-3.69203
857,2.93349,-3.69203
858,2.93399,-3.69203
859,2.9345,-3.69203
860,2.935,-3.69203
861,2.93551,-3.69203
862,2.93601,-3.69203
863,2.93651,-3.69203
864,2.93702,-3.69203
865,2.93752,-3.69203
866,2.93802,-3.69203
867,2.93852,-3.69203
868,2.93902,-3.69203
869,2.93952,-3.69203
870,2.94002,-3.69203
871,2.94052,-3.69203
872,2.94101,-3.69203
873,2.94151,-3.69203
874,2.94201,-3.69203
875,2.9425,-3.69203
876,2.943,-3.69203
877,2.94349,-3.69203
878,2.94399,-3.69203
879,2.94448,-3.69203
880,2.94498,-3.69203
881,2.94547,-3.69203
882,2.94596,-3.69203
883,2.94645,-3.69203
884,2.94694,-3.69203
885,2.94743,-3.69203
886,2.94792,-3.69203
887,2.94841,-3.69203
888,2.9489,-3.69203
889,2.94939,-3.69203
890,2.94988,-3.69203
891,2.95036,-3.69203
892,2.95085,-3.69203
893,2.95134,-3.69203
894,2.95182,-3.69203
895,2.95231,-3.69203
896,2.95279,-3.69203
897,2.95328,-3.69203
898,2.95376,-3.69203
899,2.95424,-3.69203
900,2.95472,-3.69203
901,2.95521,-3.69203
902,2.95569,-3.69203
903,2.95617,-3.69203
904,2.95665,-3.69203
905,2.95713,-3.69203
906,2.95761,-3.69203
907,2.95809,-3.69203
908,2.95856,-3.69203
909,2.95904,-3.69203
910,2.95952,-3.69203
911,2.95999,-3.69203
912,2.96047,-3.69203
913,2.96095,-3.69203
914,2.96142,-3.69203
915,2.9619,-3.69203
916,2.96237,-3.69203
917,2.96284,-3.69203
918,2.96332,-3.69203
919,2.96379,-3.69203
920,2.96426,-3.69203
921,2.96473,-3.69203
922,2.9652,-3.69203
923,2.96567,-3.69203
924,2.96614,-3.69203
925,2.96661,-3.69203
926,2.96708,-3.69203
927,2.96755,-3.69203
928,2.96802,-3.69203
929,2.96848,-3.69203
930,2.96895,-3.69203
931,2.96942,-3.69203
932,2.96988,-3.69203
933,2.97035,-3.69203
934,2.97081,-3.69203
935,2.97128,-3.69203
936,2.97174,-3.69203
937,2.9722,-3.69203
938,2.97267,-3.69203
939,2.97313,-3.69203
940,2.97359,-3.69203
941,2.97405,-3.69203
942,2.97451,-3.69203
943,2.97497,-3.69203
944,2.97543,-3.69203
945,2.97589,-3.69203
946,2.97635,-3.69203
947,2.97681,-3.69203
948,2.97727,-3.69203
949,2.97772,-3.69203
950,2.97818,-3.69203
951,2.97864,-3.69203
952,2.97909,-3.69203
953,2.97955,-3.69203
954,2.98,-3.69203
955,2.98046,-3.69203
956,2.98091,-3.69203
957,2.98137,-3.69203
958,2.98182,-3.69203
959,2.98227,-3.69203
960,2.98272,-3.69203
961,2.98318,-3.69203
962,2.98363,-3.69203
963,2.98408,-3.69203
964,2.98453,-3.69203
965,2.98498,-3.69203
966,2.98543,-3.69203
967,2.98588,-3.69203
968,2.98632,-3.69203
969,2.98677,-3.69203
970,2.98722,-3.69203
971,2.98767,-3.69203
972,2.98811,-3.69203
973,2.98856,-3.69203
974,2.989,-3.69203
975,2.98945,-3.69203
976,2.98989,-3.69203
977,2.99034,-3.69203
978,2.99078,-3.69203
979,2.99123,-3.69203
980,2.99167,-3.69203
981,2.99211,-3.69203
982,2.99255,-3.69203
983,2.993,-3.69203
984,2.99344,-3.69203
985,2.99388,-3.69203
986,2.99432,-3.69203
987,2.99476,-3.69203
988,2.9952,-3.69203
989,2.99564,-3.69203
990,2.99607,-3.69203
991,2.99651,-3.69203
992,2.99695,-3.69203
993,2.99739,-3.69203
994,2.99782,-3.69203
995,2.99826,-3.69203
996,2.9987,-3.69203
997,2.99913,-3.69203
998,2.99957,-3.69203
999,3,-3.69203
1000,3.00043,-3.69203
1001,3.00087,-3.69203
1002,3.0013,-3.69203
1003,3.00173,-3.69203
1004,3.00217,-3.69203
1005,3.0026,-3.69203
1006,3.00303,-3.69203
1007,3.00346,-3.69203
1008,3.00389,-3.69203
1009,3.00432,-3.69203
1010,3.00475,-3.69203
1011,3.00518,-3.69203
1012,3.00561,-3.69203
1013,3.00604,-3.69203
1014,3.00647,-3.69203
1015,3.00689,-3.69203
1016,3.00732,-3.69203
1017,3.00775,-3.69203
1018,3.00817,-3.69203
1019,3.0086,-3.69203
1020,3.00903,-3.69203
1021,3.00945,-3.69203
1022,3.00988,-3.69203
1023,3.0103,-3.69203
1024,3.01072,-3.69203
1025,3.01115,-3.69203
1026,3.01157,-3.69203
1027,3.01199,-3.69203
1028,3.01242,-3.69203
1029,3.01284,-3.69203
1030,3.01326,-3.69203
1031,3.01368,-3.69203
1032,3.0141,-3.69203
1033,3.01452,-3.69203
1034,3.01494,-3.69203
1035,3.01536,-3.69203
1036,3.01578,-3.69203
1037,3.0162,-3.69203
1038,3.01662,-3.69203
1039,3.01703,-3.69203
1040,3.01745,-3.69203
1041,3.01787,-3.69203
1042,3.01828,-3.69203
1043,3.0187,-3.69203
1044,3.01912,-3.69203
1045,3.01953,-3.69203
1046,3.01995,-3.69203
1047,3.02036,-3.69203
1048,3.02078,-3.69203
1049,3.02119,-3.69203
1050,3.0216,-3.69203
1051,3.02202,-3.69203
1052,3.02243,-3.69203
1053,3.02284,-3.69203
1054,3.02325,-3.69203
1055,3.02366,-3.69203
1056,3.02407,-3.69203
1057,3.02449,-3.69203
1058,3.0249,-3.69203
1059,3.02531,-3.69203
1060,3.02572,-3.69203
1061,3.02612,-3.69203
1062,3.02653,-3.69203
1063,3.02694,-3.69203
1064,3.02735,-3.69203
1065,3.02776,-3.69203
1066,3.02816,-3.69203
1067,3.02857,-3.69203
1068,3.02898,-3.69203
1069,3.02938,-3.69203
1070,3.02979,-3.69203
1071,3.03019,-3.69203
1072,3.0306,-3.69203
1073,3.031,-3.69203
1074,3.03141,-3.69203
1075,3.03181,-3.69203
1076,3.03222,-3.69203
1077,3.03262,-3.69203
1078,3.03302,-3.69203
1079,3.03342,-3.69203
1080,3.03383,-3.69203
1081,3.03423,-3.69203
1082,3.03463,-3.69203
1083,3.03503,-3.69203
1084,3.03543,-3.69203
1085,3.03583,-3.69203
1086,3.03623,-3.69203
1087,3.03663,-3.69203
1088,3.03703,-3.69203
1089,3.03743,-3.69203
1090,3.03782,-3.69203
1091,3.03822,-3.69203
1092,3.03862,-3.69203
1093,3.03902,-3.69203
1094,3.03941,-3.69203
1095,3.03981,-3.69203
1096,3.04021,-3.69203
1097,3.0406,-3.69203
1098,3.041,-3.69203
1099,3.04139,-3.69203
1100,3.04179,-3.69203
1101,3.04218,-3.69203
1102,3.04258,-3.69203
1103,3.04297,-3.69203
1104,3.04336,-3.69203
1105,3.04376,-3.69203
1106,3.04415,-3.69203
1107,3.04454,-3.69203
1108,3.04493,-3.69203
1109,3.04532,-3.69203
1110,3.04571,-3.69203
1111,3.0461,-3.69203
1112,3.0465,-3.69203
1113,3.04689,-3.69203
1114,3.04727,-3.69203
1115,3.04766,-3.69203
1116,3.04805,-3.69203
1117,3.04844,-3.69203
1118,3.04883,-3.69203
1119,3.04922,-3.69203
1120,3.04961,-3.69203
1121,3.04999,-3.69203
1122,3.05038,-3.69203
1123,3.05077,-3.69203
1124,3.05115,-3.69203
1125,3.05154,-3.69203
1126,3.05192,-3.69203
1127,3.05231,-3.69203
1128,3.05269,-3.69203
1129,3.05308,-3.69203
1130,3.05346,-3.69203
1131,3.05385,-3.69203
1132,3.05423,-3.69203
1133,3.05461,-3.69203
1134,3.055,-3.69203
1135,3.05538,-3.69203
1136,3.05576,-3.69203
1137,3.05614,-3.69203
1138,3.05652,-3.69203
1139,3.0569,-3.69203
1140,3.05729,-3.81697
1141,3.05767,-3.81697
1142,3.05805,-3.81697
1143,3.05843,-3.81697
1144,3.05881,-3.81697
1145,3.05918,-3.81697
1146,3.05956,-3.81697
1147,3.05994,-3.81697
1148,3.06032,-3.81697
1149,3.0607,-3.81697
1150,3.06108,-3.81697
1151,3.06145,-3.81697
1152,3.06183,-3.81697
1153,3.06221,-3.81697
1154,3.06258,-3.81697
1155,3.06296,-3.81697
1156,3.06333,-3.81697
1157,3.06371,-3.81697
1158,3.06408,-3.81697
1159,3.06446,-3.81697
1160,3.06483,-3.81697
1161,3.06521,-3.81697
1162,3.06558,-3.81697
1163,3.06595,-3.81697
1164,3.06633,-3.81697
1165,3.0667,-3.81697
1166,3.06707,-3.81697
1167,3.06744,-3.81697
1168,3.06781,-3.81697
1169,3.06819,-3.81697
1170,3.06856,-3.81697
1171,3.06893,-3.81697
1172,3.0693,-3.81697
1173,3.06967,-3.81697
1174,3.07004,-3.81697
1175,3.07041,-3.81697
1176,3.07078,-3.81697
1177,3.07115,-3.81697
1178,3.07151,-3.81697
1179,3.07188,-3.81697
1180,3.07225,-3.81697
1181,3.07262,-3.81697
1182,3.07298,-3.81697
1183,3.07335,-3.81697
1184,3.07372,-3.81697
1185,3.07408,-3.81697
1186,3.07445,-3.81697
1187,3.07482,-3.81697
1188,3.07518,-3.81697
1189,3.07555,-3.81697
1190,3.07591,-3.81697
1191,3.07628,-3.81697
1192,3.07664,-3.81697
1193,3.077,-3.81697
1194,3.07737,-3.81697
1195,3.07773,-3.81697
1196,3.07809,-3.81697
1197,3.07846,-3.81697
1198,3.07882,-3.99306
1199,3.07918,-3.99306
1200,3.07954,-3.99306
1201,3.0799,-3.99306
1202,3.08027,-3.99306
1203,3.08063,-3.99306
1204,3.08099,-3.99306
1205,3.08135,-3.99306
1206,3.08171,-3.99306
1207,3.08207,-3.99306
1208,3.08243,-3.99306
1209,3.08279,-3.99306
1210,3.08314,-3.99306
1211,3.0835,-3.99306
1212,3.08386,-3.99306
1213,3.08422,-3.99306
1214,3.08458,-3.99306
1215,3.08493,-3.99306
1216,3.08529,-3.99306
1217,3.08565,-3.99306
1218,3.086,-3.99306
1219,3.08636,-3.99306
1220,3.08672,-3.99306
1221,3.08707,-3.99306
1222,3.08743,-3.99306
1223,3.08778,-3.99306
1224,3.08814,-3.99306
1225,3.08849,-3.99306
1226,3.08884,-3.99306
1227,3.0892,-3.99306
1228,3.08955,-3.99306
1229,3.08991,-3.99306
1230,3.09026,-3.99306
1231,3.09061,-3.99306
1232,3.09096,-3.99306
1233,3.09132,-3.99306
1234,3.09167,-3.99306
1235,3.09202,-3.99306
1236,3.09237,-3.99306
1237,3.09272,-3.99306
1238,3.09307,-3.99306
1239,3.09342,-3.99306
1240,3.09377,-3.99306
1241,3.09412,-3.99306
1242,3.09447,-3.99306
1243,3.09482,-3.99306
1244,3.09517,-3.99306
1245,3.09552,-3.99306
1246,3.09587,-3.99306
1247,3.09621,-3.99306
1248,3.09656,-3.99306
1249,3.09691,-3.99306
1250,3.09726,-3.99306
1251,3.0976,-3.99306
1252,3.09795,-3.99306
1253,3.0983,-3.99306
1254,3.09864,-3.99306
1255,3.09899,-3.99306
1256,3.09934,-3.99306
1257,3.09968,-3.99306
1258,3.10003,-3.99306
1259,3.10037,-3.99306
1260,3.10072,-3.99306
1261,3.10106,-3.99306
1262,3.1014,-3.99306
1263,3.10175,-3.99306
1264,3.10209,-3.99306
1265,3.10243,-3.99306
1266,3.10278,-3.99306
1267,3.10312,-3.99306
1268,3.10346,-3.99306
1269,3.1038,-3.99306
1270,3.10415,-3.99306
1271,3.10449,-3.99306
1272,3.10483,-3.99306
1273,3.10517,-3.99306
1274,3.10551,-3.99306
1275,3.10585,-3.99306
1276,3.10619,-3.99306
1277,3.10653,-3.99306
1278,3.10687,-3.99306
1279,3.10721,-3.99306
1280,3.10755,-3.99306
1281,3.10789,-3.99306
1282,3.10823,-3.99306
1283,3.10857,-3.99306
1284,3.1089,-3.99306
1285,3.10924,-3.99306
1286,3.10958,-3.99306
1287,3.10992,-3.99306
1288,3.11025,-3.99306
1289,3.11059,-3.99306
1290,3.11093,-3.99306
1291,3.11126,-3.99306
1292,3.1116,-3.99306
1293,3.11193,-3.99306
1294,3.11227,-3.99306
1295,3.11261,-3.99306
1296,3.11294,-3.99306
1297,3.11327,-3.99306
1298,3.11361,-3.99306
1299,3.11394,-3.99306
1300,3.11428,-3.99306
1301,3.11461,-3.99306
1302,3.11494,-3.99306
1303,3.11528,-3.99306
1304,3.11561,-3.99306
1305,3.11594,-3.99306
1306,3.11628,-3.99306
1307,3.11661,-3.99306
1308,3.11694,-3.99306
1309,3.11727,-3.99306
1310,3.1176,-3.99306
1311,3.11793,-3.99306
1312,3.11826,-3.99306
1313,3.1186,-3.99306
1314,3.11893,-3.99306
1315,3.11926,-3.99306
1316,3.11959,-3.99306
1317,3.11992,-3.99306
1318,3.12024,-3.99306
1319,3.12057,-3.99306
1320,3.1209,-3.99306
1321,3.12123,-3.99306
1322,3.12156,-3.99306
1323,3.12189,-3.99306
1324,3.12222,-3.99306
1325,3.12254,-3.99306
1326,3.12287,-3.99306
1327,3.1232,-3.99306
1328,3.12352,-3.99306
1329,3.12385,-3.99306
1330,3.12418,-3.99306
1331,3.1245,-3.99306
1332,3.12483,-3.99306
1333,3.12516,-3.99306
1334,3.12548,-3.99306
1335,3.12581,-3.99306
1336,3.12613,-3.99306
1337,3.12646,-3.99306
1338,3.12678,-3.99306
1339,3.1271,-3.99306
1340,3.12743,-3.99306
1341,3.12775,-3.99306
1342,3.12808,-3.99306
1343,3.1284,-3.99306
1344,3.12872,-3.99306
1345,3.12905,-3.99306
1346,3.12937,-3.99306
1347,3.12969,-3.99306
1348,3.13001,-3.99306
1349,3.13033,-3.99306
1350,3.13066,-3.99306
1351,3.13098,-3.99306
1352,3.1313,-3.99306
1353,3.13162,-3.99306
1354,3.13194,-3.99306
1355,3.13226,-3.99306
1356,3.13258,-3.99306
1357,3.1329,-3.99306
1358,3.13322,-3.99306
1359,3.13354,-3.99306
1360,3.13386,-3.99306
1361,3.13418,-3.99306
1362,3.1345,-3.99306
1363,3.13481,-3.99306
1364,3.13513,-3.99306
1365,3.13545,-3.99306
1366,3.13577,-3.99306
1367,3.13609,-3.99306
1368,3.1364,-3.99306
1369,3.13672,-3.99306
1370,3.13704,-3.99306
1371,3.13735,-3.99306
1372,3.13767,-3.99306
1373,3.13799,-3.99306
1374,3.1383,-3.99306
1375,3.13862,-3.99306
1376,3.13893,-3.99306
1377,3.13925,-3.99306
1378,3.13956,-3.99306
1379,3.13988,-3.99306
1380,3.14019,-3.99306
1381,3.14051,-3.99306
1382,3.14082,-3.99306
1383,3.14114,-3.99306
1384,3.14145,-3.99306
1385,3.14176,-3.99306
1386,3.14208,-3.99306
1387,3.14239,-3.99306
1388,3.1427,-3.99306
1389,3.14301,-3.99306
1390,3.14333,-3.99306
1391,3.14364,-3.99306
1392,3.14395,-3.99306
1393,3.14426,-3.99306
1394,3.14457,-3.99306
1395,3.14489,-3.99306
1396,3.1452,-3.99306
1397,3.14551,-3.99306
1398,3.14582,-3.99306
1399,3.14613,-3.99306
1400,3.14644,-4.29409
1401,3.14675,-4.29409
1402,3.14706,-4.29409
1403,3.14737,-4.29409
1404,3.14768,-4.29409
1405,3.14799,-4.29409
1406,3.14829,-4.29409
1407,3.1486,-4.29409
1408,3.14891,-4.29409
1409,3.14922,-4.29409
1410,3.14953,-4.29409
1411,3.14983,-4.29409
1412,3.15014,-4.29409
1413,3.15045,-4.29409
1414,3.15076,-4.29409
1415,3.15106,-4.29409
1416,3.15137,-4.29409
1417,3.15168,-4.29409
1418,3.15198,-4.29409
1419,3.15229,-4.29409
1420,3.15259,-4.29409
1421,3.1529,-4.29409
1422,3.1532,-4.29409
1423,3.15351,-4.29409
1424,3.15381,-4.29409
1425,3.15412,-4.29409
1426,3.15442,-4.29409
1427,3.15473,-4.29409
1428,3.15503,-4.29409
1429,3.15534,-4.29409
1430,3.15564,-4.29409
1431,3.15594,-4.29409
1432,3.15625,-4.29409
1433,3.15655,-4.29409
1434,3.15685,-4.29409
1435,3.15715,-4.29409
1436,3.15746,-4.29409
1437,3.15776,-4.29409
1438,3.15806,-4.29409
1439,3.15836,-4.29409
1440,3.15866,-4.29409
1441,3.15897,-4.29409
1442,3.15927,-4.29409
1443,3.15957,-4.29409
1444,3.15987,-4.29409
1445,3.16017,-4.29409
1446,3.16047,-4.29409
1447,3.16077,-4.29409
1448,3.16107,-4.29409
1449,3.16137,-4.29409
1450,3.16167,-4.29409
1451,3.16197,-4.29409
1452,3.16227,-4.29409
1453,3.16256,-4.29409
1454,3.16286,-4.29409
1455,3.16316,-4.29409
1456,3.16346,-4.29409
1457,3.16376,-4.29409
1458,3.16406,-4.29409
1459,3.16435,-4.29409
1460,3.16465,-4.29409
1461,3.16495,-4.29409
1462,3.16524,-4.29409
1463,3.16554,-4.29409
1464,3.16584,-4.29409
1465,3.16613,-4.29409
1466,3.16643,-4.29409
1467,3.16673,-4.29409
1468,3.16702,-4.29409
1469,3.16732,-4.29409
1470,3.16761,-4.29409
1471,3.16791,-4.29409
1472,3.1682,-4.29409
1473,3.1685,-4.29409
1474,3.16879,-4.29409
1475,3.16909,-4.29409
1476,3.16938,-4.29409
1477,3.16967,-4.29409
1478,3.16997,-4.29409
1479,3.17026,-4.29409
1480,3.17056,-4.29409
1481,3.17085,-4.29409
1482,3.17114,-4.29409
1483,3.17143,-4.29409
1484,3.17173,-4.29409
1485,3.17202,-4.29409
1486,3.17231,-4.29409
1487,3.1726,-4.29409
1488,3.17289,-4.29409
1489,3.17319,-4.29409
1490,3.17348,-4.29409
1491,3.17377,-4.29409
1492,3.17406,-4.29409
1493,3.17435,-4.29409
1494,3.17464,-4.29409
1495,3.17493,-4.29409
1496,3.17522,-4.29409
1497,3.17551,-4.29409
1498,3.1758,-4.29409
1499,3.17609,-4.29409
1500,3.17638,-4.29409
1501,3.17667,-4.29409
1502,3.17696,-4.29409
1503,3.17725,-4.29409
1504,3.17754,-4.29409
1505,3.17782,-4.29409
1506,3.17811,-4.29409
1507,3.1784,-4.29409
1508,3.17869,-4.29409
1509,3.17898,-4.29409
1510,3.17926,-4.29409
1511,3.17955,-4.29409
1512,3.17984,-4.29409
1513,3.18013,-4.29409
1514,3.18041,-4.29409
1515,3.1807,-4.29409
1516,3.18099,-4.29409
1517,3.18127,-4.29409
1518,3.18156,-4.29409
1519,3.18184,-4.29409
1520,3.18213,-4.29409
1521,3.18241,-4.29409
1522,3.1827,-4.29409
1523,3.18298,-4.29409
1524,3.18327,-4.29409
1525,3.18355,-4.29409
1526,3.18384,-4.29409
1527,3.18412,-4.29409
1528,3.18441,-4.29409
1529,3.18469,-4.29409
1530,3.18498,-4.29409
1531,3.18526,-4.29409
1532,3.18554,-4.29409
1533,3.18583,-4.29409
1534,3.18611,-4.29409
1535,3.18639,-4.29409
1536,3.18667,-4.29409
1537,3.18696,-4.29409
1538,3.18724,-4.29409
1539,3.18752,-4.29409
1540,3.1878,-4.29409
1541,3.18808,-4.29409
1542,3.18837,-4.29409
1543,3.18865,-4.29409
1544,3.18893,-4.29409
1545,3.18921,-4.29409
1546,3.18949,-4.29409
1547,3.18977,-4.29409
1548,3.19005,-4.29409
1549,3.19033,-4.29409
1550,3.19061,-4.29409
1551,3.19089,-4.29409
1552,3.19117,-4.29409
1553,3.19145,-4.29409
1554,3.19173,-4.29409
1555,3.19201,-4.29409
1556,3.19229,-4.29409
1557,3.19257,-4.29409
1558,3.19285,-4.29409
1559,3.19312,-4.29409
1560,3.1934,-4.29409
1561,3.19368,-4.29409
1562,3.19396,-4.29409
1563,3.19424,-4.29409
1564,3.19451,-4.29409
1565,3.19479,-4.29409
1566,3.19507,-4.29409
1567,3.19535,-4.29409
1568,3.19562,-4.29409
1569,3.1959,-4.29409
1570,3.19618,-4.29409
1571,3.19645,-4.29409
1572,3.19673,-4.29409
1573,3.197,-4.29409
1574,3.19728,-4.29409
1575,3.19756,-4.29409
1576,3.19783,-4.29409
1577,3.19811,-4.29409
1578,3.19838,-4.29409
1579,3.19866,-4.29409
1580,3.19893,-4.29409
1581,3.19921,-4.29409
1582,3.19948,-4.29409
1583,3.19976,-4.29409
1584,3.20003,-4.29409
1585,3.2003,-4.29409
1586,3.20058,-4.29409
1587,3.20085,-4.29409
1588,3.20112,-4.29409
1589,3.2014,-4.29409
1590,3.20167,-4.29409
1591,3.20194,-4.29409
1592,3.20222,-4.29409
1593,3.20249,-4.29409
1594,3.20276,-4.29409
1595,3.20303,-4.29409
1596,3.2033,-4.29409
1597,3.20358,-4.29409
1598,3.20385,-4.29409
1599,3.20412,-4.29409
1600,3.20439,-4.29409
1601,3.20466,-4.29409
1602,3.20493,-4.29409
1603,3.2052,-4.29409
1604,3.20548,-4.29409
1605,3.20575,-4.29409
1606,3.20602,-4.29409
1607,3.20629,-4.29409
1608,3.20656,-4.29409
1609,3.20683,-4.29409
1610,3.2071,-4.29409
1611,3.20737,-4.29409
1612,3.20763,-4.29409
1613,3.2079,-4.29409
1614,3.20817,-4.29409
1615,3.20844,-4.29409
1616,3.20871,-4.29409
1617,3.20898,-4.29409
1618,3.20925,-4.29409
1619,3.20952,-4.29409
1620,3.20978,-4.29409
1621,3.21005,-4.29409
1622,3.21032,-4.29409
1623,3.21059,-4.29409
1624,3.21085,-4.29409
1625,3.21112,-4.29409
1626,3.21139,-4.29409
1627,3.21165,-4.29409
1628,3.21192,-4.29409
1629,3.21219,-4.29409
1630,3.21245,-4.29409
1631,3.21272,-4.29409
1632,3.21299,-4.29409
1633,3.21325,-4.29409
1634,3.21352,-4.29409
1635,3.21378,-4.29409
1636,3.21405,-4.29409
1637,3.21431,-4.29409
1638,3.21458,-4.29409
1639,3.21484,-4.29409
1640,3.21511,-4.29409
1641,3.21537,-4.29409
1642,3.21564,-4.29409
1643,3.2159,-4.29409
1644,3.21617,-4.29409
1645,3.21643,-4.29409
1646,3.21669,-4.29409
1647,3.21696,-4.29409
1648,3.21722,-4.29409
1649,3.21748,-4.29409
1650,3.21775,-4.29409
1651,3.21801,-4.29409
1652,3.21827,-4.29409
1653,3.21854,-4.29409
1654,3.2188,-4.29409
1655,3.21906,-4.29409
1656,3.21932,-4.29409
1657,3.21958,-4.29409
1658,3.21985,-4.29409
1659,3.22011,-4.29409
1660,3.22037,-4.29409
1661,3.22063,-4.29409
1662,3.22089,-4.29409
1663,3.22115,-4.29409
1664,3.22141,-4.29409
1665,3.22167,-4.29409
1666,3.22194,-4.29409
1667,3.2222,-4.29409
1668,3.22246,-4.29409
1669,3.22272,-4.29409
1670,3.22298,-4.29409
1671,3.22324,-4.29409
1672,3.2235,-4.29409
1673,3.22376,-4.29409
1674,3.22401,-4.29409
1675,3.22427,-4.29409
1676,3.22453,-4.29409
1677,3.22479,-4.29409
1678,3.22505,-4.29409
1679,3.22531,-4.29409
1680,3.22557,-4.29409
1681,3.22583,-4.29409
1682,3.22608,-4.29409
1683,3.22634,-4.29409
1684,3.2266,-4.29409
1685,3.22686,-4.29409
1686,3.22712,-4.29409
1687,3.22737,-4.29409
1688,3.22763,-4.29409
1689,3.22789,-4.29409
1690,3.22814,-4.29409
1691,3.2284,-4.29409
1692,3.22866,-4.29409
1693,3.22891,-4.29409
1694,3.22917,-4.29409
1695,3.22943,-4.29409
1696,3.22968,-4.29409
1697,3.22994,-4.29409
1698,3.23019,-4.29409
1699,3.23045,-4.29409
1700,3.2307,-4.29409
1701,3.23096,-4.29409
1702,3.23121,-4.29409
1703,3.23147,-4.29409
1704,3.23172,-4.29409
1705,3.23198,-4.29409
1706,3.23223,-4.29409
1707,3.23249,-4.29409
1708,3.23274,-4.29409
1709,3.233,-4.29409
1710,3.23325,-4.29409
1711,3.2335,-4.29409
1712,3.23376,-4.29409
1713,3.23401,-4.29409
1714,3.23426,-4.29409
1715,3.23452,-4.29409
1716,3.23477,-4.29409
1717,3.23502,-4.29409
1718,3.23528,-4.29409
1719,3.23553,-4.29409
1720,3.23578,-4.29409
1721,3.23603,-4.29409
1722,3.23629,-4.29409
1723,3.23654,-4.29409
1724,3.23679,-4.29409
1725,3.23704,-4.29409
1726,3.23729,-4.29409
1727,3.23754,-4.29409
1728,3.23779,-4.29409
1729,3.23805,-4.29409
1730,3.2383,-4.29409
1731,3.23855,-4.29409
1732,3.2388,-4.29409
1733,3.23905,-4.29409
1734,3.2393,-4.29409
1735,3.23955,-4.29409
1736,3.2398,-4.29409
1737,3.24005,-4.29409
1738,3.2403,-4.29409
1739,3.24055,-4.29409
1740,3.2408,-4.29409
1741,3.24105,-4.29409
1742,3.2413,-4.29409
1743,3.24155,-4.29409
1744,3.2418,-4.29409
1745,3.24204,-4.29409
1746,3.24229,-4.29409
1747,3.24254,-4.29409
1748,3.24279,-4.29409
1749,3.24304,-4.29409
1750,3.24329,-4.29409
1751,3.24353,-4.29409
1752,3.24378,-4.29409
1753,3.24403,-4.29409
1754,3.24428,-4.29409
1755,3.24452,-4.29409
1756,3.24477,-4.29409
1757,3.24502,-4.29409
1758,3.24527,-4.29409
1759,3.24551,-4.29409
1760,3.24576,-4.29409
1761,3.24601,-4.29409
1762,3.24625,-4.29409
1763,3.2465,-4.29409
1764,3.24674,-4.29409
1765,3.24699,-4.29409
1766,3.24724,-4.29409
1767,3.24748,-4.29409
1768,3.24773,-4.29409
1769,3.24797,-4.29409
1770,3.24822,-4.29409
1771,3.24846,-4.29409
1772,3.24871,-4.29409
1773,3.24895,-4.29409
1774,3.2492,-4.29409
1775,3.24944,-4.29409
1776,3.24969,-4.29409
1777,3.24993,-4.29409
1778,3.25018,-4.29409
1779,3.25042,-4.29409
1780,3.25066,-4.29409
1781,3.25091,-4.29409
1782,3.25115,-4.29409
1783,3.25139,-4.29409
1784,3.25164,-4.29409
1785,3.25188,-4.29409
1786,3.25212,-4.29409
1787,3.25237,-4.29409
1788,3.25261,-4.29409
1789,3.25285,-4.29409
1790,3.2531,-4.29409
1791,3.25334,-4.29409
1792,3.25358,-4.29409
1793,3.25382,-4.29409
1794,3.25406,-4.29409
1795,3.25431,-4.29409
1796,3.25455,-4.29409
1797,3.25479,-4.29409
1798,3.25503,-4.29409
1799,3.25527,-4.29409
1800,3.25551,-4.29409
1801,3.25575,-4.29409
1802,3.256,-4.29409
1803,3.25624,-4.29409
1804,3.25648,-4.29409
1805,3.25672,-4.29409
1806,3.25696,-4.29409
1807,3.2572,-4.29409
1808,3.25744,-4.29409
1809,3.25768,-4.29409
1810,3.25792,-4.29409
1811,3.25816,-4.29409
1812,3.2584,-4.29409
1813,3.25864,-4.29409
1814,3.25888,-4.29409
1815,3.25912,-4.29409
1816,3.25935,-4.29409
1817,3.25959,-4.29409
1818,3.25983,-4.29409
1819,3.26007,-4.29409
1820,3.26031,-4.29409
1821,3.26055,-4.29409
1822,3.26079,-4.29409
1823,3.26102,-4.29409
1824,3.26126,-4.29409
1825,3.2615,-4.29409
1826,3.26174,-4.29409
1827,3.26198,-4.29409
1828,3.26221,-4.29409
1829,3.26245,-4.29409
1830,3.26269,-4.29409
1831,3.26293,-4.29409
1832,3.26316,-4.29409
1833,3.2634,-4.29409
1834,3.26364,-4.29409
1835,3.26387,-4.29409
1836,3.26411,-4.29409
1837,3.26435,-4.29409
1838,3.26458,-4.29409
1839,3.26482,-4.29409
1840,3.26505,-4.29409
1841,3.26529,-4.29409
1842,3.26553,-4.29409
1843,3.26576,-4.29409
1844,3.266,-4.29409
1845,3.26623,-4.29409
1846,3.26647,-4.29409
1847,3.2667,-4.29409
1848,3.26694,-4.29409
1849,3.26717,-4.29409
1850,3.26741,-4.29409
1851,3.26764,-4.29409
1852,3.26788,-4.29409
1853,3.26811,-4.29409
1854,3.26834,-4.29409
1855,3.26858,-4.29409
1856,3.26881,-4.29409
1857,3.26905,-4.29409
1858,3.26928,-4.29409
1859,3.26951,-4.29409
1860,3.26975,-4.29409
1861,3.26998,-4.29409
1862,3.27021,-4.29409
1863,3.27045,-4.29409
1864,3.27068,-4.29409
1865,3.27091,-4.29409
1866,3.27114,-4.29409
1867,3.27138,-4.29409
1868,3.27161,-4.29409
1869,3.27184,-4.29409
1870,3.27207,-4.29409
1871,3.27231,-4.29409
1872,3.27254,-4.29409
1873,3.27277,-4.29409
1874,3.273,-4.29409
1875,3.27323,-4.29409
1876,3.27346,-4.29409
1877,3.2737,-4.29409
1878,3.27393,-4.29409
1879,3.27416,-4.29409
1880,3.27439,-4.29409
1881,3.27462,-4.29409
1882,3.27485,-4.29409
1883,3.27508,-4.29409
1884,3.27531,-4.29409
1885,3.27554,-4.29409
1886,3.27577,-4.29409
1887,3.276,-4.29409
1888,3.27623,-4.29409
1889,3.27646,-4.29409
1890,3.27669,-4.29409
1891,3.27692,-4.29409
1892,3.27715,-4.29409
1893,3.27738,-4.29409
1894,3.27761,-4.29409
1895,3.27784,-4.29409
1896,3.27807,-4.29409
1897,3.2783,-4.29409
1898,3.27852,-4.29409
1899,3.27875,-4.29409
1900,3.27898,-4.29409
1901,3.27921,-4.29409
1902,3.27944,-4.29409
1903,3.27967,-4.29409
1904,3.27989,-4.29409
1905,3.28012,-4.29409
1906,3.28035,-4.29409
1907,3.28058,-4.29409
1908,3.28081,-4.29409
1909,3.28103,-4.29409
1910,3.28126,-4.29409
1911,3.28149,-4.29409
1912,3.28171,-4.29409
1913,3.28194,-4.29409
1914,3.28217,-4.29409
1915,3.2824,-4.29409
1916,3.28262,-4.29409
1917,3.28285,-4.29409
1918,3.28307,-4.29409
1919,3.2833,-4.29409
1920,3.28353,-4.29409
1921,3.28375,-4.29409
1922,3.28398,-4.29409
1923,3.28421,-4.29409
1924,3.28443,-4.29409
1925,3.28466,-4.29409
1926,3.28488,-4.29409
1927,3.28511,-4.29409
1928,3.28533,-4.29409
1929,3.28556,-4.29409
1930,3.28578,-4.29409
1931,3.28601,-4.29409
1932,3.28623,-4.29409
1933,3.28646,-4.29409
1934,3.28668,-4.29409
1935,3.28691,-4.29409
1936,3.28713,-4.29409
1937,3.28735,-4.29409
1938,3.28758,-4.29409
1939,3.2878,-4.29409
1940,3.28803,-4.29409
1941,3.28825,-4.29409
1942,3.28847,-4.29409
1943,3.2887,-4.29409
1944,3.28892,-4.29409
1945,3.28914,-4.29409
1946,3.28937,-4.29409
1947,3.28959,-4.29409
1948,3.28981,-4.29409
1949,3.29003,-4.29409
1950,3.29026,-4.29409
1951,3.29048,-4.29409
1952,3.2907,-4.29409
1953,3.29092,-4.29409
1954,3.29115,-4.29409
1955,3.29137,-4.29409
1956,3.29159,-4.29409
1957,3.29181,-4.29409
1958,3.29203,-4.29409
1959,3.29226,-4.29409
1960,3.29248,-4.29409
1961,3.2927,-4.29409
1962,3.29292,-4.29409
1963,3.29314,-4.29409
1964,3.29336,-4.29409
1965,3.29358,-4.29409
1966,3.2938,-4.29409
1967,3.29403,-4.29409
1968,3.29425,-4.29409
1969,3.29447,-4.29409
1970,3.29469,-4.29409
1971,3.29491,-4.29409
1972,3.29513,-4.29409
1973,3.29535,-4.29409
1974,3.29557,-4.29409
1975,3.29579,-4.29409
1976,3.29601,-4.29409
1977,3.29623,-4.29409
1978,3.29645,-4.29409
1979,3.29667,-4.29409
1980,3.29688,-4.29409
1981,3.2971,-4.29409
1982,3.29732,-4.29409
1983,3.29754,-4.29409
1984,3.29776,-4.29409
1985,3.29798,-4.29409
1986,3.2982,-4.29409
1987,3.29842,-4.29409
1988,3.29863,-4.29409
1989,3.29885,-4.29409
1990,3.29907,-4.29409
1991,3.29929,-4.29409
1992,3.29951,-4.29409
1993,3.29973,-4.29409
1994,3.29994,-4.29409
1995,3.30016,-4.29409
1996,3.30038,-4.29409
1997,3.3006,-4.29409
1998,3.30081,-4.29409
1999,3.30103,-4.29409
2000,3.30125,-4.29409
2001,3.30146,-4.29409
2002,3.30168,-4.29409
2003,3.3019,-4.29409
2004,3.30211,-4.29409
