Id,KC,log_GSS,S
0,41.8872,-3.99306,0.738285
1,39.0947,-2.61285,0.870864
2,30.7173,-3.69203,0.482066
3,33.5098,-3.08997,0.543564
4,44.6797,-3.51594,0.811278
5,27.9248,-2.24487,0.543564
6,36.3023,-3.08997,0.696212
7,36.3023,-3.69203,0.599314
8,41.8872,-3.08997,0.650022
9,33.5098,-4.29409,0.776556
10,36.3023,-3.99306,0.650022
11,47.4722,-3.69203,0.776556
12,41.8872,-4.29409,0.811278
13,33.5098,-2.5459,0.543564
14,30.7173,-3.21491,0.543564
15,44.6797,-3.99306,0.842658
16,47.4722,-4.29409,0.842658
17,50.2647,-3.99306,0.870864
18,44.6797,-4.29409,0.811278
19,27.9248,-3.03882,0.650022
20,25.1323,-2.72589,0.842658
21,27.9248,-3.69203,0.413817
22,53.0571,-4.29409,0.842658
23,41.8872,-3.69203,0.954434
24,44.6797,-4.29409,0.937734
25,36.3023,-4.29409,0.650022
26,41.8872,-3.99306,0.918296
27,27.9248,-4.29409,0.988699
28,30.7173,-3.69203,0.543564
29,41.8872,-4.29409,0.842658
30,50.2647,-4.29409,0.811278
31,53.0571,-4.29409,0.811278
32,39.0947,-3.69203,0.599314
33,44.6797,-3.69203,0.842658
34,36.3023,-4.29409,0.599314
35,39.0947,-3.99306,0.738285
36,44.6797,-4.29409,0.776556
37,41.8872,-2.78894,0.968461
38,47.4722,-4.29409,0.968461
39,30.7173,-2.5459,0.918296
40,47.4722,-3.391,0.776556
41,47.4722,-3.81697,0.776556
42,36.3023,-3.21491,0.896038
43,41.8872,-3.69203,0.738285
44,50.2647,-3.69203,0.776556
45,36.3023,-3.99306,0.918296
46,36.3023,-3.51594,0.811278
47,39.0947,-3.69203,0.918296
48,44.6797,-4.29409,0.842658
49,41.8872,-4.29409,0.896038
50,27.9248,-3.99306,0.413817
51,41.8872,-3.69203,0.650022
52,44.6797,-3.08997,0.896038
53,44.6797,-3.99306,0.870864
54,41.8872,-4.29409,0.738285
55,50.2647,-3.391,0.842658
56,47.4722,-2.99306,0.918296
57,50.2647,-3.59512,0.896038
58,36.3023,-2.78894,0.776556
59,41.8872,-3.44899,0.776556
60,36.3023,-3.59512,0.738285
61,30.7173,-2.41328,0.811278
62,36.3023,-4.29409,0.543564
63,33.5098,-3.08997,0.696212
64,39.0947,-2.61285,0.937734
65,44.6797,-3.29409,0.918296
66,50.2647,-3.51594,0.811278
67,41.8872,-4.29409,0.696212
68,39.0947,-4.29409,0.696212
69,36.3023,-3.44899,0.776556
70,39.0947,-3.69203,0.696212
71,33.5098,-3.08997,0.811278
72,22.3398,-1.68343,0.599314
73,33.5098,-3.69203,0.543564
74,44.6797,-4.29409,0.696212
75,33.5098,-2.78894,0.811278
76,41.8872,-3.69203,0.738285
77,39.0947,-2.78894,0.696212
78,36.3023,-2.99306,0.776556
79,39.0947,-3.59512,0.738285
80,22.3398,-3.08997,0.33729
81,39.0947,-3.59512,0.696212
82,41.8872,-3.81697,0.870864
83,44.6797,-3.59512,0.842658
84,36.3023,-3.69203,0.543564
85,36.3023,-2.75002,0.696212
86,36.3023,-3.21491,0.543564
87,30.7173,-3.99306,0.482066
88,41.8872,-3.21491,0.650022
89,36.3023,-3.59512,0.599314
90,36.3023,-3.391,0.599314
91,41.8872,-3.59512,0.842658
92,39.0947,-3.21491,0.650022
93,25.1323,-1.68343,0.599314
94,19.5474,-4.29409,0.870864
95,41.8872,-3.59512,0.937734
96,36.3023,-3.21491,0.650022
97,36.3023,-3.99306,0.599314
98,36.3023,-3.21491,0.738285
99,33.5098,-3.99306,0.696212
100,36.3023,-2.80273,0.811278
101,41.8872,-2.48791,0.870864
102,44.6797,-3.08997,0.842658
103,41.8872,-3.08997,0.842658
104,41.8872,-3.69203,0.776556
105,36.3023,-3.99306,0.811278
106,30.7173,-4.29409,0.482066
107,33.5098,-4.29409,0.543564
108,33.5098,-3.69203,0.599314
109,36.3023,-2.81697,0.842658
110,30.7173,-3.99306,0.954434
111,22.3398,-3.03882,0.249882
112,27.9248,-4.29409,0.33729
113,33.5098,-3.21491,0.738285
114,27.9248,-3.51594,0.33729
115,30.7173,-2.99306,0.482066
116,53.0571,-4.29409,0.870864
117,50.2647,-4.29409,0.896038
118,39.0947,-3.81697,0.776556
119,27.9248,-3.29409,0.776556
120,25.1323,-4.29409,0.33729
121,33.5098,-4.29409,0.482066
122,33.5098,-4.29409,0.954434
123,39.0947,-3.99306,0.918296
124,30.7173,-3.69203,0.413817
125,33.5098,-3.391,0.650022
126,39.0947,-3.69203,0.650022
127,39.0947,-3.69203,0.842658
128,41.8872,-3.69203,0.811278
129,25.1323,-4.29409,0.870864
130,44.6797,-3.99306,0.776556
131,39.0947,-3.33985,0.650022
132,25.1323,-3.59512,0.979869
133,39.0947,-2.99306,0.650022
134,39.0947,-3.81697,0.650022
135,41.8872,-4.29409,0.811278
136,27.9248,-2.84693,0.650022
137,41.8872,-3.59512,0.738285
138,44.6797,-3.21491,0.896038
139,27.9248,-3.69203,0.482066
140,27.9248,-3.69203,0.413817
141,44.6797,-4.29409,0.738285
142,39.0947,-2.72589,0.870864
143,33.5098,-2.84693,0.650022
144,39.0947,-4.29409,0.650022
145,50.2647,-4.29409,0.870864
146,44.6797,-3.51594,0.738285
147,44.6797,-3.391,0.776556
148,33.5098,-3.99306,0.918296
149,47.4722,-4.29409,0.776556
150,44.6797,-3.08997,0.811278
151,39.0947,-3.08997,0.738285
152,33.5098,-3.59512,0.599314
153,41.8872,-3.08997,0.738285
154,47.4722,-3.99306,0.842658
155,41.8872,-3.21491,0.842658
156,47.4722,-3.08997,0.776556
157,47.4722,-3.69203,0.738285
158,44.6797,-3.69203,0.738285
159,53.0571,-2.48791,0.811278
160,50.2647,-3.08997,0.842658
161,47.4722,-3.69203,0.811278
162,50.2647,-3.08997,0.776556
163,44.6797,-3.69203,0.811278
164,44.6797,-3.99306,0.896038
165,39.0947,-3.391,0.870864
166,41.8872,-3.391,0.842658
167,30.7173,-2.72589,0.650022
168,39.0947,-3.99306,0.650022
169,39.0947,-3.69203,0.776556
170,33.5098,-3.99306,0.811278
171,36.3023,-3.99306,0.954434
172,25.1323,-2.97187,0.413817
173,47.4722,-3.08997,0.776556
174,44.6797,-4.29409,0.776556
175,30.7173,-3.59512,0.988699
176,47.4722,-3.51594,0.811278
177,39.0947,-4.29409,0.870864
178,47.4722,-3.99306,0.968461
179,41.8872,-4.29409,0.738285
180,41.8872,-4.29409,0.776556
181,44.6797,-3.99306,0.696212
182,44.6797,-3.69203,0.842658
183,47.4722,-4.29409,0.842658
184,36.3023,-4.29409,0.543564
185,44.6797,-3.69203,0.696212
186,50.2647,-3.99306,0.842658
187,36.3023,-3.21491,0.696212
188,30.7173,-3.21491,0.870864
189,44.6797,-3.51594,0.776556
190,41.8872,-3.99306,0.776556
191,33.5098,-3.59512,0.650022
192,39.0947,-4.29409,0.650022
193,36.3023,-3.99306,0.543564
194,36.3023,-2.97187,0.650022
195,44.6797,-3.69203,0.738285
196,41.8872,-3.69203,0.776556
197,39.0947,-4.29409,0.896038
198,36.3023,-3.391,0.870864
199,39.0947,-3.21491,0.696212
200,50.2647,-3.69203,0.811278
201,47.4722,-4.29409,0.776556
202,39.0947,-4.29409,0.776556
203,41.8872,-3.59512,0.696212
204,39.0947,-3.21491,0.738285
205,41.8872,-3.99306,0.650022
206,39.0947,-3.69203,0.811278
207,55.8496,-3.99306,0.918296
208,33.5098,-3.69203,0.413817
209,33.5098,-3.69203,0.842658
210,41.8872,-4.29409,0.738285
211,47.4722,-4.29409,0.954434
212,22.3398,-4.29409,0.842658
213,47.4722,-3.99306,0.870864
214,50.2647,-3.69203,0.870864
215,47.4722,-4.29409,0.896038
216,41.8872,-3.69203,0.738285
217,30.7173,-3.69203,0.776556
218,36.3023,-2.5459,0.918296
219,39.0947,-3.51594,0.696212
220,33.5098,-4.29409,0.650022
221,44.6797,-3.69203,0.811278
222,36.3023,-3.2527,0.599314
223,44.6797,-4.29409,0.918296
224,41.8872,-4.29409,0.650022
225,41.8872,-4.29409,0.870864
226,39.0947,-3.69203,0.543564
227,47.4722,-3.69203,0.776556
228,47.4722,-3.69203,0.738285
229,41.8872,-3.69203,0.696212
230,41.8872,-3.99306,0.696212
231,27.9248,-2.391,0.811278
232,39.0947,-4.29409,0.811278
233,41.8872,-4.29409,0.776556
234,44.6797,-3.08997,0.776556
235,47.4722,-4.29409,0.842658
236,50.2647,-2.78894,0.842658
237,33.5098,-3.03882,0.599314
238,39.0947,-3.44899,0.842658
239,47.4722,-3.69203,0.776556
240,47.4722,-4.29409,0.918296
241,44.6797,-3.69203,0.650022
242,53.0571,-4.29409,0.918296
243,39.0947,-3.99306,0.776556
244,27.9248,-4.29409,0.413817
245,39.0947,-3.21491,0.870864
246,44.6797,-3.81697,0.811278
247,39.0947,-4.29409,0.842658
248,41.8872,-3.69203,0.842658
249,47.4722,-3.99306,0.738285
250,25.1323,-3.69203,0.918296
251,36.3023,-3.51594,0.599314
252,19.5474,-3.59512,0.988699
253,39.0947,-4.29409,0.738285
254,44.6797,-4.29409,0.811278
255,47.4722,-3.08997,0.811278
256,44.6797,-3.69203,0.776556
257,41.8872,-3.69203,0.811278
258,41.8872,-4.29409,0.696212
259,39.0947,-2.78894,0.918296
260,27.9248,-2.28977,0.599314
261,33.5098,-3.69203,0.543564
262,36.3023,-4.29409,0.776556
263,39.0947,-3.33985,0.937734
264,39.0947,-3.69203,0.650022
265,39.0947,-3.08997,0.811278
266,30.7173,-3.03882,0.650022
267,44.6797,-4.29409,0.870864
268,25.1323,-2.41328,0.413817
269,41.8872,-3.69203,0.776556
270,44.6797,-3.29409,0.870864
271,39.0947,-3.391,0.896038
272,41.8872,-3.21491,0.870864
273,44.6797,-3.08997,0.918296
274,33.5098,-3.391,0.896038
275,36.3023,-3.21491,0.870864
276,41.8872,-2.78894,0.738285
277,39.0947,-3.59512,0.918296
278,50.2647,-3.69203,0.842658
279,41.8872,-4.29409,0.842658
280,39.0947,-2.99306,0.696212
281,36.3023,-3.08997,0.776556
282,36.3023,-3.59512,0.599314
283,39.0947,-3.99306,0.696212
284,41.8872,-3.69203,0.650022
285,44.6797,-4.29409,0.776556
286,36.3023,-3.69203,0.937734
287,41.8872,-4.29409,0.918296
288,41.8872,-3.99306,0.776556
289,33.5098,-3.69203,0.738285
290,33.5098,-4.29409,0.599314
291,30.7173,-3.08997,0.599314
292,33.5098,-3.99306,0.599314
293,36.3023,-3.81697,0.543564
294,30.7173,-4.29409,0.696212
295,30.7173,-2.48791,0.954434
296,47.4722,-4.29409,0.842658
297,53.0571,-3.391,0.842658
298,41.8872,-3.21491,0.696212
299,53.0571,-3.99306,0.870864
300,41.8872,-3.99306,0.738285
301,33.5098,-3.99306,0.776556
302,39.0947,-3.51594,0.968461
303,19.5474,-2.76261,0.249882
304,22.3398,-3.69203,0.33729
305,39.0947,-3.99306,0.811278
306,30.7173,-4.29409,0.988699
307,47.4722,-3.99306,0.896038
308,36.3023,-2.99306,0.738285
309,36.3023,-2.78894,0.918296
310,44.6797,-3.69203,0.811278
311,33.5098,-3.21491,0.650022
312,27.9248,-3.391,0.599314
313,44.6797,-3.33985,0.738285
314,41.8872,-4.29409,0.696212
315,39.0947,-3.69203,0.738285
316,44.6797,-4.29409,0.696212
317,39.0947,-2.99306,0.870864
318,39.0947,-4.29409,0.599314
319,41.8872,-3.08997,0.896038
320,44.6797,-3.69203,0.870864
321,39.0947,-3.391,0.738285
322,33.5098,-3.21491,0.842658
323,41.8872,-3.99306,0.842658
324,36.3023,-4.29409,0.696212
325,36.3023,-3.99306,0.738285
326,41.8872,-3.81697,0.776556
327,47.4722,-3.69203,0.870864
328,44.6797,-3.391,0.811278
329,33.5098,-3.69203,0.870864
330,27.9248,-4.29409,0.842658
331,47.4722,-3.391,0.811278
332,44.6797,-3.21491,0.842658
333,41.8872,-4.29409,0.776556
334,39.0947,-4.29409,0.842658
335,47.4722,-4.29409,0.738285
336,39.0947,-3.59512,0.776556
337,41.8872,-3.69203,0.811278
338,33.5098,-2.48791,0.650022
339,30.7173,-3.08997,0.696212
340,36.3023,-3.08997,0.650022
341,44.6797,-3.391,0.738285
342,47.4722,-3.391,0.870864
343,44.6797,-4.29409,0.811278
344,33.5098,-3.14796,0.776556
345,33.5098,-3.391,0.543564
346,36.3023,-4.29409,0.599314
347,27.9248,-2.76261,0.413817
348,41.8872,-3.69203,0.896038
349,50.2647,-4.29409,0.842658
350,30.7173,-2.11225,0.650022
351,36.3023,-2.75002,0.599314
352,33.5098,-2.73779,0.543564
353,36.3023,-3.69203,0.543564
354,41.8872,-2.78894,0.776556
355,41.8872,-3.59512,0.696212
356,27.9248,-3.59512,0.870864
357,44.6797,-3.69203,0.738285
358,44.6797,-3.69203,0.696212
359,44.6797,-4.29409,0.696212
360,41.8872,-4.29409,0.811278
361,33.5098,-2.97187,0.650022
362,50.2647,-3.99306,0.842658
363,25.1323,-4.29409,0.979869
364,30.7173,-3.99306,1
365,47.4722,-3.69203,0.811278
366,36.3023,-3.69203,0.696212
367,47.4722,-3.69203,0.776556
368,44.6797,-4.29409,0.738285
369,27.9248,-4.29409,0.543564
370,41.8872,-3.99306,0.870864
371,50.2647,-4.29409,0.896038
372,19.5474,-3.69203,0.811278
373,27.9248,-3.69203,0.33729
374,44.6797,-4.29409,0.896038
375,30.7173,-4.29409,0.811278
376,19.5474,-3.03882,0.146094
377,41.8872,-3.59512,0.776556
378,36.3023,-3.29409,0.776556
379,33.5098,-3.01534,0.482066
380,33.5098,-4.29409,0.696212
381,41.8872,-4.29409,0.696212
382,44.6797,-3.08997,0.738285
383,44.6797,-3.69203,0.776556
384,33.5098,-2.61285,0.650022
385,39.0947,-4.29409,0.842658
386,47.4722,-3.69203,0.842658
387,36.3023,-3.29409,0.650022
388,36.3023,-2.80273,0.738285
389,27.9248,-4.29409,0.870864
390,47.4722,-3.69203,0.896038
391,44.6797,-4.29409,0.776556
392,47.4722,-4.29409,0.870864
393,39.0947,-4.29409,0.994985
394,39.0947,-3.33985,0.738285
395,47.4722,-2.78894,0.842658
396,44.6797,-3.99306,0.842658
397,47.4722,-3.08997,0.811278
398,50.2647,-4.29409,0.842658
399,36.3023,-2.61285,0.738285
400,44.6797,-3.51594,0.918296
401,44.6797,-3.14796,0.776556
402,41.8872,-4.29409,0.738285
403,47.4722,-3.99306,1
404,33.5098,-3.69203,0.599314
405,41.8872,-3.59512,0.650022
406,30.7173,-2.31182,0.776556
407,41.8872,-3.69203,0.738285
408,36.3023,-3.21491,0.842658
409,22.3398,-3.81697,0.870864
410,36.3023,-3.59512,0.896038
411,33.5098,-3.391,0.842658
412,41.8872,-3.81697,0.811278
413,47.4722,-2.99306,0.776556
414,36.3023,-3.59512,0.543564
415,44.6797,-4.29409,0.954434
416,44.6797,-4.29409,0.696212
417,36.3023,-4.29409,0.543564
418,41.8872,-4.29409,0.988699
419,44.6797,-3.69203,0.811278
420,36.3023,-3.21491,0.937734
421,25.1323,-3.99306,0.988699
422,44.6797,-3.99306,0.870864
423,44.6797,-3.69203,0.870864
424,50.2647,-3.69203,0.811278
425,36.3023,-4.29409,0.650022
426,33.5098,-2.78894,0.650022
427,36.3023,-2.78894,0.811278
428,39.0947,-4.29409,0.599314
429,39.0947,-3.69203,0.650022
430,36.3023,-3.08997,0.543564
431,30.7173,-3.69203,0.482066
432,33.5098,-3.69203,0.543564
433,50.2647,-3.391,0.776556
434,33.5098,-4.29409,0.599314
435,44.6797,-3.99306,0.738285
436,39.0947,-2.48791,0.599314
437,36.3023,-3.29409,0.599314
438,27.9248,-3.69203,0.413817
439,36.3023,-3.08997,0.870864
440,30.7173,-4.29409,0.413817
441,50.2647,-4.29409,0.811278
442,33.5098,-2.99306,0.918296
443,39.0947,-3.81697,0.896038
444,47.4722,-4.29409,0.738285
445,47.4722,-3.69203,0.776556
446,44.6797,-4.29409,0.738285
447,33.5098,-3.69203,0.896038
448,39.0947,-3.51594,0.811278
449,39.0947,-3.81697,0.842658
450,44.6797,-3.99306,0.896038
451,41.8872,-4.29409,0.696212
452,36.3023,-3.51594,0.650022
453,39.0947,-3.21491,0.811278
454,39.0947,-4.29409,0.738285
455,36.3023,-3.69203,0.811278
456,39.0947,-4.29409,0.650022
457,44.6797,-3.81697,0.918296
458,41.8872,-3.81697,0.650022
459,36.3023,-2.72589,0.870864
460,30.7173,-3.51594,0.413817
461,41.8872,-3.391,0.696212
462,41.8872,-3.391,0.650022
463,44.6797,-3.08997,0.650022
464,30.7173,-3.08997,0.482066
465,30.7173,-3.69203,0.482066
466,44.6797,-4.29409,0.811278
467,47.4722,-3.391,0.896038
468,36.3023,-3.51594,0.968461
469,55.8496,-4.29409,0.870864
470,39.0947,-4.29409,0.696212
471,30.7173,-2.58652,0.543564
472,41.8872,-3.33985,0.954434
473,39.0947,-3.21491,0.650022
474,39.0947,-3.99306,0.599314
475,39.0947,-3.59512,0.937734
476,33.5098,-3.21491,0.543564
477,41.8872,-3.33985,0.599314
478,39.0947,-3.391,0.738285
479,39.0947,-3.69203,0.599314
480,33.5098,-3.69203,0.482066
481,30.7173,-3.29409,0.776556
482,33.5098,-2.391,0.811278
483,39.0947,-3.21491,0.842658
484,33.5098,-2.80273,0.811278
485,33.5098,-2.87912,0.896038
486,36.3023,-4.29409,0.696212
487,41.8872,-3.69203,0.811278
488,36.3023,-3.59512,0.543564
489,36.3023,-3.21491,0.738285
490,33.5098,-2.99306,0.650022
491,36.3023,-3.81697,0.650022
492,41.8872,-4.29409,0.896038
493,36.3023,-4.29409,0.599314
494,36.3023,-3.99306,0.650022
495,47.4722,-3.69203,0.954434
496,50.2647,-4.29409,0.937734
497,55.8496,-3.69203,0.811278
498,33.5098,-4.29409,0.918296
499,47.4722,-4.29409,0.776556
500,41.8872,-3.08997,0.870864
501,44.6797,-3.69203,0.842658
502,44.6797,-4.29409,0.776556
503,33.5098,-3.69203,0.696212
504,39.0947,-3.69203,0.650022
505,27.9248,-4.29409,0.482066
506,44.6797,-3.118,0.896038
507,36.3023,-3.69203,0.738285
508,30.7173,-2.28977,0.650022
509,39.0947,-3.99306,0.937734
510,25.1323,-3.99306,0.979869
511,41.8872,-3.59512,0.870864
512,39.0947,-3.99306,0.543564
513,36.3023,-3.08997,0.599314
514,30.7173,-3.99306,0.599314
515,33.5098,-4.29409,0.599314
516,27.9248,-4.29409,0.988699
517,36.3023,-4.29409,0.543564
518,25.1323,-2.50876,0.968461
519,36.3023,-3.59512,0.918296
520,39.0947,-3.51594,0.918296
521,50.2647,-4.29409,0.811278
522,33.5098,-3.99306,0.543564
523,22.3398,-1.80273,0.599314
524,30.7173,-2.58652,0.954434
525,39.0947,-4.29409,0.776556
526,39.0947,-3.21491,0.896038
527,36.3023,-4.29409,0.650022
528,30.7173,-2.48791,0.738285
529,39.0947,-3.21491,0.954434
530,30.7173,-2.78894,0.650022
531,47.4722,-3.81697,0.870864
532,41.8872,-4.29409,0.776556
533,39.0947,-3.391,0.811278
534,47.4722,-3.51594,0.776556
535,39.0947,-3.08997,0.543564
536,41.8872,-3.21491,0.811278
537,47.4722,-3.99306,0.918296
538,30.7173,-4.29409,0.599314
539,39.0947,-3.21491,0.870864
540,44.6797,-3.81697,0.842658
541,50.2647,-2.99306,0.776556
542,44.6797,-3.69203,0.738285
543,41.8872,-4.29409,0.738285
544,36.3023,-4.29409,0.738285
545,44.6797,-3.51594,0.776556
546,50.2647,-3.21491,0.842658
547,41.8872,-3.14796,0.918296
548,47.4722,-4.29409,0.811278
549,36.3023,-3.391,0.696212
550,39.0947,-3.08997,0.896038
551,33.5098,-2.75002,0.599314
552,44.6797,-3.81697,0.811278
553,39.0947,-3.69203,0.811278
554,39.0947,-3.391,0.776556
555,27.9248,-3.01534,0.482066
556,47.4722,-3.69203,0.870864
557,44.6797,-4.29409,0.811278
558,39.0947,-2.48791,0.954434
559,41.8872,-3.69203,0.738285
560,41.8872,-4.29409,0.696212
561,36.3023,-2.75002,0.968461
562,41.8872,-4.29409,0.811278
563,50.2647,-3.99306,0.979869
564,33.5098,-3.69203,0.543564
565,44.6797,-3.99306,0.696212
566,39.0947,-3.69203,0.696212
567,39.0947,-3.81697,0.811278
568,41.8872,-3.99306,0.738285
569,36.3023,-3.44899,0.776556
570,41.8872,-3.08997,0.776556
571,39.0947,-3.69203,0.738285
572,47.4722,-4.29409,0.918296
573,47.4722,-3.99306,0.918296
574,47.4722,-4.29409,0.738285
575,41.8872,-3.69203,0.776556
576,39.0947,-4.29409,0.543564
577,41.8872,-3.69203,0.842658
578,44.6797,-3.51594,0.870864
579,41.8872,-4.29409,0.776556
580,39.0947,-3.08997,0.650022
581,39.0947,-3.21491,0.776556
582,36.3023,-3.118,0.650022
583,36.3023,-3.391,0.543564
584,44.6797,-4.29409,0.738285
585,36.3023,-4.29409,0.599314
586,41.8872,-4.29409,0.870864
587,50.2647,-3.99306,0.738285
588,27.9248,-1.55137,0.870864
589,44.6797,-3.391,0.870864
590,47.4722,-3.69203,0.842658
591,41.8872,-3.99306,0.842658
592,39.0947,-3.08997,0.482066
593,47.4722,-3.08997,0.738285
594,44.6797,-3.69203,0.776556
595,41.8872,-4.29409,0.738285
596,41.8872,-2.61285,0.870864
597,44.6797,-4.29409,0.811278
598,36.3023,-3.391,0.842658
599,44.6797,-3.69203,0.599314
600,39.0947,-4.29409,0.918296
601,36.3023,-3.51594,0.937734
602,44.6797,-4.29409,0.738285
603,36.3023,-3.69203,0.696212
604,36.3023,-3.69203,0.543564
605,39.0947,-3.391,0.696212
606,27.9248,-2.78894,0.811278
607,39.0947,-3.99306,0.776556
608,33.5098,-2.75002,0.696212
609,50.2647,-4.29409,0.842658
610,44.6797,-3.21491,0.811278
611,39.0947,-3.21491,0.543564
612,33.5098,-3.99306,0.482066
613,41.8872,-3.59512,0.738285
614,36.3023,-3.59512,0.696212
615,36.3023,-4.29409,0.599314
616,33.5098,-3.29409,0.696212
617,25.1323,-3.03882,0.249882
618,39.0947,-4.29409,0.738285
619,30.7173,-4.29409,0.896038
620,30.7173,-4.29409,0.33729
621,41.8872,-3.69203,0.696212
622,41.8872,-4.29409,0.650022
623,41.8872,-3.08997,0.811278
624,39.0947,-3.69203,0.599314
625,36.3023,-4.29409,0.870864
626,30.7173,-2.41328,0.413817
627,41.8872,-3.69203,0.870864
628,44.6797,-3.69203,0.842658
629,25.1323,-2.391,0.811278
630,41.8872,-3.99306,0.968461
631,44.6797,-3.08997,0.870864
632,39.0947,-3.33985,0.599314
633,36.3023,-3.99306,0.896038
634,39.0947,-4.29409,0.811278
635,47.4722,-4.29409,0.738285
636,50.2647,-3.08997,0.811278
637,47.4722,-4.29409,0.811278
638,33.5098,-3.59512,0.543564
639,44.6797,-3.21491,0.870864
640,30.7173,-3.59512,0.543564
641,39.0947,-4.29409,0.650022
642,39.0947,-3.69203,0.776556
643,44.6797,-2.78894,0.776556
644,33.5098,-3.99306,0.696212
645,44.6797,-2.78894,0.738285
646,25.1323,-3.99306,0.870864
647,36.3023,-3.01534,0.896038
648,39.0947,-3.59512,0.954434
649,47.4722,-3.08997,0.870864
650,44.6797,-3.69203,0.842658
651,30.7173,-3.69203,0.413817
652,36.3023,-3.69203,0.650022
653,41.8872,-3.99306,0.696212
654,44.6797,-3.69203,0.738285
655,41.8872,-3.51594,0.696212
656,41.8872,-2.78894,0.870864
657,36.3023,-4.29409,0.954434
658,41.8872,-3.391,0.738285
659,27.9248,-3.29409,0.543564
660,55.8496,-4.29409,0.918296
661,47.4722,-3.08997,0.776556
662,39.0947,-3.99306,0.738285
663,47.4722,-4.29409,0.896038
664,44.6797,-3.69203,0.696212
665,30.7173,-2.99306,0.776556
666,53.0571,-3.69203,0.811278
667,36.3023,-3.69203,0.482066
668,41.8872,-4.29409,0.599314
669,36.3023,-2.80273,0.738285
670,41.8872,-3.69203,0.650022
671,44.6797,-4.29409,0.696212
672,39.0947,-3.08997,0.842658
673,22.3398,-2.41328,0.413817
674,33.5098,-4.29409,0.696212
675,39.0947,-3.99306,0.599314
676,50.2647,-3.69203,0.738285
677,41.8872,-4.29409,0.842658
678,25.1323,-3.59512,0.988699
679,41.8872,-4.29409,0.776556
680,47.4722,-4.29409,0.738285
681,33.5098,-4.29409,0.543564
682,36.3023,-2.99306,0.937734
683,39.0947,-3.81697,0.918296
684,44.6797,-3.69203,0.738285
685,41.8872,-3.59512,0.738285
686,39.0947,-3.81697,0.776556
687,41.8872,-3.69203,0.811278
688,33.5098,-3.29409,0.776556
689,30.7173,-3.01534,0.482066
690,36.3023,-3.59512,0.599314
691,53.0571,-4.29409,0.918296
692,47.4722,-3.69203,0.842658
693,39.0947,-4.29409,0.599314
694,44.6797,-3.69203,0.650022
695,39.0947,-4.29409,0.696212
696,44.6797,-4.29409,0.918296
697,39.0947,-3.59512,0.738285
698,39.0947,-3.2527,0.937734
699,39.0947,-3.69203,0.650022
700,39.0947,-3.69203,0.696212
701,36.3023,-3.29409,0.811278
702,44.6797,-3.21491,0.954434
703,27.9248,-3.03882,0.543564
704,41.8872,-3.69203,0.776556
705,36.3023,-4.29409,0.543564
706,53.0571,-3.69203,0.937734
707,44.6797,-3.21491,0.896038
708,30.7173,-4.29409,0.988699
709,47.4722,-3.391,0.842658
710,44.6797,-3.69203,0.870864
711,50.2647,-3.99306,0.842658
712,33.5098,-3.99306,0.979869
713,39.0947,-4.29409,0.599314
714,41.8872,-4.29409,0.696212
715,30.7173,-2.99306,0.738285
716,30.7173,-3.69203,0.482066
717,39.0947,-2.48791,0.650022
718,39.0947,-3.08997,0.696212
719,44.6797,-3.51594,0.842658
720,41.8872,-2.99306,0.918296
721,44.6797,-3.59512,0.896038
722,33.5098,-3.69203,0.482066
723,39.0947,-3.99306,0.738285
724,33.5098,-3.03882,0.896038
725,39.0947,-4.29409,0.650022
726,36.3023,-3.14796,0.599314
727,30.7173,-3.391,0.870864
728,33.5098,-3.29409,0.811278
729,36.3023,-2.99306,0.896038
730,41.8872,-3.99306,0.738285
731,50.2647,-4.29409,0.842658
732,41.8872,-3.51594,0.918296
733,36.3023,-4.29409,0.482066
734,50.2647,-4.29409,0.870864
735,33.5098,-4.29409,0.696212
736,39.0947,-3.69203,0.842658
737,41.8872,-4.29409,0.776556
738,30.7173,-3.69203,0.482066
739,47.4722,-3.08997,0.896038
740,22.3398,-4.29409,0.249882
741,22.3398,-3.59512,0.979869
742,36.3023,-2.50876,0.650022
743,39.0947,-4.29409,0.937734
744,36.3023,-4.29409,0.650022
745,36.3023,-3.08997,0.650022
746,44.6797,-3.69203,0.811278
747,41.8872,-3.99306,0.776556
748,41.8872,-4.29409,0.738285
749,22.3398,-3.03882,0.33729
750,33.5098,-3.69203,0.599314
751,33.5098,-3.08997,0.870864
752,39.0947,-3.99306,0.811278
753,44.6797,-3.99306,0.842658
754,33.5098,-3.2527,0.599314
755,39.0947,-4.29409,0.650022
756,36.3023,-3.59512,0.650022
757,33.5098,-2.99306,0.738285
758,33.5098,-3.59512,0.599314
759,22.3398,-3.99306,1
760,33.5098,-3.69203,0.650022
761,41.8872,-3.69203,0.696212
762,41.8872,-4.29409,0.696212
763,39.0947,-3.391,0.842658
764,41.8872,-3.33985,0.650022
765,39.0947,-3.59512,0.811278
766,41.8872,-3.81697,0.650022
767,39.0947,-4.29409,0.870864
768,47.4722,-4.29409,0.870864
769,41.8872,-2.61285,0.650022
770,47.4722,-3.51594,0.896038
771,41.8872,-3.69203,0.738285
772,36.3023,-4.29409,0.599314
773,41.8872,-3.59512,0.650022
774,41.8872,-3.59512,0.696212
775,50.2647,-4.29409,0.776556
776,5.58496,-1.3182,0
777,44.6797,-4.29409,0.696212
778,41.8872,-4.29409,0.776556
779,39.0947,-3.21491,0.842658
780,39.0947,-4.29409,0.776556
781,41.8872,-3.08997,0.738285
782,39.0947,-4.29409,0.599314
783,50.2647,-3.69203,0.811278
784,30.7173,-3.33985,0.543564
785,36.3023,-3.391,0.738285
786,33.5098,-3.14796,0.937734
787,33.5098,-3.99306,0.842658
788,41.8872,-3.69203,0.842658
789,41.8872,-2.99306,0.738285
790,44.6797,-3.69203,0.738285
791,47.4722,-3.59512,0.811278
792,30.7173,-2.391,0.811278
793,50.2647,-4.29409,0.776556
794,41.8872,-3.69203,0.543564
795,44.6797,-4.29409,0.870864
796,41.8872,-3.69203,0.650022
797,30.7173,-3.69203,0.413817
798,47.4722,-3.69203,0.738285
799,47.4722,-4.29409,0.842658
800,44.6797,-4.29409,0.811278
801,27.9248,-3.69203,0.954434
802,44.6797,-4.29409,0.776556
803,47.4722,-3.59512,0.870864
804,41.8872,-4.29409,0.696212
805,44.6797,-3.81697,0.738285
806,44.6797,-3.69203,0.870864
807,41.8872,-2.78894,0.811278
808,39.0947,-3.21491,0.696212
809,33.5098,-4.29409,0.543564
810,36.3023,-2.31182,0.776556
811,44.6797,-3.69203,0.896038
812,44.6797,-3.51594,0.811278
813,50.2647,-4.29409,0.811278
814,39.0947,-3.69203,0.543564
815,47.4722,-3.08997,0.842658
816,47.4722,-3.08997,0.738285
817,47.4722,-3.69203,0.811278
818,44.6797,-4.29409,0.842658
819,36.3023,-3.69203,0.776556
820,47.4722,-4.29409,0.738285
821,47.4722,-3.99306,0.696212
822,41.8872,-3.59512,0.811278
823,33.5098,-3.21491,0.696212
824,30.7173,-3.29409,0.811278
825,36.3023,-3.51594,0.696212
826,41.8872,-4.29409,0.738285
827,47.4722,-4.29409,0.896038
828,41.8872,-3.99306,0.738285
829,33.5098,-3.08997,0.650022
830,30.7173,-3.69203,0.599314
831,41.8872,-4.29409,0.650022
832,33.5098,-2.99306,0.896038
833,33.5098,-3.08997,0.413817
834,36.3023,-3.118,0.811278
835,22.3398,-4.29409,0.33729
836,39.0947,-4.29409,0.599314
837,36.3023,-3.69203,0.738285
838,39.0947,-3.21491,0.738285
839,41.8872,-3.51594,0.776556
840,47.4722,-4.29409,0.776556
841,39.0947,-3.99306,0.696212
842,39.0947,-2.80273,0.811278
843,44.6797,-3.69203,0.870864
844,36.3023,-2.28977,0.979869
845,30.7173,-3.99306,0.650022
846,36.3023,-4.29409,0.696212
847,36.3023,-3.99306,0.937734
848,25.1323,-3.51594,0.870864
849,30.7173,-3.29409,0.543564
850,47.4722,-2.78894,0.870864
851,30.7173,-2.97187,0.413817
852,27.9248,-4.29409,0.811278
853,41.8872,-3.08997,0.811278
854,44.6797,-3.69203,0.776556
855,36.3023,-4.29409,0.650022
856,44.6797,-3.69203,0.842658
857,41.8872,-4.29409,0.776556
858,33.5098,-3.59512,0.599314
859,39.0947,-3.08997,0.811278
860,39.0947,-3.08997,0.738285
861,39.0947,-3.69203,0.811278
862,36.3023,-4.29409,0.599314
863,39.0947,-3.08997,0.870864
864,41.8872,-3.51594,0.870864
865,36.3023,-3.69203,0.842658
866,36.3023,-3.21491,0.738285
867,39.0947,-3.99306,0.650022
868,41.8872,-3.118,0.896038
869,47.4722,-3.391,0.870864
870,44.6797,-4.29409,0.896038
871,41.8872,-3.69203,0.738285
872,41.8872,-4.29409,0.696212
873,22.3398,-2.76261,0.249882
874,25.1323,-3.69203,0.33729
875,44.6797,-3.29409,0.870864
876,39.0947,-4.29409,0.842658
877,36.3023,-3.391,0.870864
878,47.4722,-3.69203,0.776556
879,47.4722,-3.99306,0.776556
880,50.2647,-3.81697,0.738285
881,44.6797,-3.69203,0.776556
882,41.8872,-4.29409,0.696212
883,47.4722,-4.29409,0.696212
884,44.6797,-3.99306,0.896038
885,50.2647,-4.29409,0.811278
886,36.3023,-4.29409,0.811278
887,41.8872,-4.29409,0.896038
888,44.6797,-4.29409,0.738285
889,30.7173,-3.08997,0.413817
890,36.3023,-3.391,0.811278
891,36.3023,-3.99306,0.482066
892,39.0947,-4.29409,0.870864
893,47.4722,-4.29409,0.738285
894,33.5098,-3.59512,0.776556
895,41.8872,-3.51594,0.650022
896,50.2647,-3.69203,0.842658
897,47.4722,-3.69203,0.696212
898,41.8872,-4.29409,0.696212
899,36.3023,-4.29409,0.776556
900,50.2647,-3.51594,0.776556
901,44.6797,-3.391,0.738285
902,41.8872,-3.99306,0.842658
903,30.7173,-4.29409,0.543564
904,27.9248,-2.11225,0.650022
905,41.8872,-3.59512,0.738285
906,39.0947,-3.81697,0.650022
907,41.8872,-3.69203,0.696212
908,30.7173,-4.29409,0.482066
909,36.3023,-3.69203,0.599314
910,39.0947,-3.99306,0.696212
911,41.8872,-3.391,0.776556
912,39.0947,-4.29409,0.696212
913,41.8872,-3.81697,0.842658
914,47.4722,-3.69203,0.870864
915,39.0947,-3.59512,0.650022
916,47.4722,-4.29409,0.811278
917,30.7173,-2.24487,0.543564
918,41.8872,-3.29409,0.937734
919,36.3023,-3.14796,0.776556
920,50.2647,-3.99306,0.870864
921,47.4722,-4.29409,0.842658
922,41.8872,-4.29409,0.696212
923,44.6797,-3.69203,0.811278
924,36.3023,-3.99306,0.599314
925,44.6797,-3.69203,0.776556
926,44.6797,-4.29409,0.696212
927,33.5098,-2.50876,0.650022
928,33.5098,-4.29409,0.543564
929,44.6797,-3.99306,0.738285
930,39.0947,-3.69203,0.599314
931,25.1323,-2.41328,0.811278
932,27.9248,-3.08997,0.696212
933,41.8872,-3.99306,0.696212
934,33.5098,-2.28977,0.979869
935,22.3398,-2.48791,0.249882
936,47.4722,-3.69203,0.738285
937,44.6797,-4.29409,0.738285
938,36.3023,-3.99306,0.776556
939,44.6797,-3.59512,0.811278
940,30.7173,-2.99306,0.937734
941,36.3023,-3.81697,0.918296
942,19.5474,-2.48791,0.146094
943,39.0947,-3.69203,0.738285
944,39.0947,-3.69203,0.776556
945,50.2647,-3.69203,0.776556
946,50.2647,-4.29409,0.738285
947,39.0947,-3.08997,0.918296
948,41.8872,-3.99306,0.896038
949,30.7173,-3.08997,0.738285
950,41.8872,-3.69203,0.870864
951,47.4722,-4.29409,0.842658
952,44.6797,-3.69203,0.842658
953,44.6797,-4.29409,0.776556
954,39.0947,-3.08997,0.811278
955,36.3023,-3.59512,0.937734
956,39.0947,-2.99306,0.870864
957,39.0947,-4.29409,0.599314
958,41.8872,-3.69203,0.776556
959,44.6797,-3.99306,0.968461
960,36.3023,-3.29409,0.937734
961,39.0947,-3.99306,0.738285
962,27.9248,-2.76261,0.413817
963,19.5474,-4.29409,0.249882
964,36.3023,-3.99306,0.968461
965,27.9248,-3.69203,0.918296
966,41.8872,-3.99306,0.650022
967,33.5098,-3.99306,0.870864
968,41.8872,-3.81697,0.896038
969,41.8872,-2.99306,0.870864
970,33.5098,-3.118,0.811278
971,50.2647,-4.29409,0.842658
972,36.3023,-3.69203,0.543564
973,36.3023,-3.08997,0.650022
974,33.5098,-3.69203,0.599314
975,44.6797,-4.29409,0.696212
976,39.0947,-3.59512,0.738285
977,53.0571,-3.69203,0.842658
978,30.7173,-3.69203,0.599314
979,30.7173,-4.29409,0.482066
980,44.6797,-3.99306,0.738285
981,39.0947,-3.69203,0.738285
982,30.7173,-3.391,0.543564
983,44.6797,-4.29409,0.738285
984,36.3023,-4.29409,0.696212
985,41.8872,-3.51594,0.811278
986,33.5098,-2.31182,0.937734
987,44.6797,-4.29409,0.842658
988,39.0947,-4.29409,0.896038
989,36.3023,-3.59512,0.776556
990,50.2647,-2.78894,0.870864
991,39.0947,-3.51594,0.738285
992,33.5098,-3.08997,0.543564
993,33.5098,-3.69203,0.543564
994,41.8872,-4.29409,0.954434
995,39.0947,-3.81697,0.870864
996,47.4722,-3.69203,0.842658
997,33.5098,-3.29409,0.811278
998,50.2647,-4.29409,0.811278
999,50.2647,-3.69203,0.776556
1000,33.5098,-2.81697,0.842658
1001,47.4722,-3.69203,0.937734
1002,22.3398,-4.29409,0.543564
1003,27.9248,-2.48791,0.599314
1004,22.3398,-3.51594,0.599314
1005,39.0947,-3.99306,0.979869
1006,41.8872,-3.33985,0.738285
1007,44.6797,-3.69203,0.811278
1008,30.7173,-3.29409,0.599314
1009,44.6797,-4.29409,0.738285
1010,36.3023,-3.99306,0.738285
1011,39.0947,-2.5459,0.650022
1012,47.4722,-4.29409,0.776556
1013,47.4722,-3.08997,0.842658
1014,39.0947,-4.29409,0.738285
1015,36.3023,-3.51594,0.776556
1016,41.8872,-4.29409,0.811278
1017,44.6797,-2.99306,0.650022
1018,36.3023,-4.29409,0.599314
1019,44.6797,-4.29409,0.811278
1020,36.3023,-3.21491,0.650022
1021,27.9248,-3.08997,0.33729
1022,36.3023,-3.51594,0.696212
1023,30.7173,-3.69203,0.811278
1024,44.6797,-4.29409,0.842658
1025,44.6797,-3.51594,0.896038
1026,36.3023,-2.5459,0.650022
1027,33.5098,-3.21491,0.696212
1028,39.0947,-3.51594,0.896038
1029,41.8872,-3.69203,0.650022
1030,33.5098,-3.59512,0.738285
1031,41.8872,-4.29409,0.696212
1032,27.9248,-4.29409,0.979869
1033,39.0947,-3.59512,0.543564
1034,30.7173,-3.69203,0.543564
1035,36.3023,-3.51594,0.842658
1036,47.4722,-3.99306,0.738285
1037,44.6797,-3.21491,0.918296
1038,44.6797,-3.69203,0.650022
1039,30.7173,-3.69203,0.33729
1040,36.3023,-3.99306,0.979869
1041,39.0947,-3.2527,0.776556
1042,39.0947,-3.69203,0.870864
1043,47.4722,-4.29409,0.842658
1044,36.3023,-3.69203,0.650022
1045,33.5098,-3.51594,0.896038
1046,33.5098,-3.69203,0.738285
1047,25.1323,-2.58652,0.543564
1048,47.4722,-2.78894,0.776556
1049,30.7173,-3.14796,0.811278
1050,39.0947,-3.51594,0.650022
1051,39.0947,-4.29409,0.599314
1052,25.1323,-3.51594,0.33729
1053,36.3023,-2.99306,0.482066
1054,47.4722,-4.29409,0.776556
1055,47.4722,-3.99306,0.870864
1056,50.2647,-3.08997,0.896038
1057,22.3398,-3.08997,0.33729
1058,47.4722,-3.81697,0.811278
1059,44.6797,-3.81697,0.896038
1060,25.1323,-1.80273,0.870864
1061,41.8872,-4.29409,0.650022
1062,19.5474,-2.11225,0.413817
1063,16.7549,-2.73779,0.33729
1064,36.3023,-3.81697,0.776556
1065,33.5098,-4.29409,0.979869
1066,44.6797,-3.99306,0.842658
1067,27.9248,-2.391,0.543564
1068,44.6797,-4.29409,0.776556
1069,47.4722,-3.391,0.842658
1070,33.5098,-3.01534,0.896038
1071,25.1323,-1.68343,0.988699
1072,36.3023,-4.29409,0.979869
1073,44.6797,-3.69203,0.738285
1074,44.6797,-4.29409,0.870864
1075,44.6797,-3.99306,0.776556
1076,36.3023,-3.59512,0.599314
1077,27.9248,-2.72589,0.842658
1078,27.9248,-1.80273,0.870864
1079,47.4722,-3.59512,0.937734
1080,36.3023,-3.69203,0.776556
1081,27.9248,-2.99306,0.482066
1082,33.5098,-2.28977,0.650022
1083,39.0947,-3.81697,0.650022
1084,41.8872,-4.29409,0.696212
1085,44.6797,-3.391,0.870864
1086,41.8872,-3.69203,0.896038
1087,41.8872,-3.69203,0.738285
1088,41.8872,-3.391,0.842658
1089,41.8872,-4.29409,0.650022
1090,36.3023,-3.69203,0.738285
1091,41.8872,-3.08997,0.738285
1092,44.6797,-3.69203,0.811278
1093,47.4722,-3.51594,0.842658
1094,36.3023,-3.391,0.776556
1095,30.7173,-3.69203,0.738285
1096,33.5098,-3.81697,0.776556
1097,47.4722,-3.69203,0.811278
1098,53.0571,-3.08997,0.842658
1099,47.4722,-3.69203,0.870864
1100,50.2647,-3.69203,0.811278
1101,50.2647,-4.29409,0.842658
1102,39.0947,-4.29409,0.650022
1103,39.0947,-3.29409,0.696212
1104,36.3023,-3.14796,0.811278
1105,47.4722,-4.29409,0.811278
1106,39.0947,-4.29409,0.738285
1107,36.3023,-4.29409,0.599314
1108,47.4722,-3.51594,0.870864
1109,27.9248,-3.99306,0.988699
1110,44.6797,-4.29409,0.599314
1111,36.3023,-3.21491,0.696212
1112,41.8872,-3.99306,0.696212
1113,36.3023,-3.59512,0.776556
1114,39.0947,-2.99306,0.738285
1115,30.7173,-3.69203,0.413817
1116,25.1323,-2.84693,0.650022
1117,39.0947,-4.29409,0.696212
1118,41.8872,-3.69203,0.870864
1119,39.0947,-3.391,0.870864
1120,44.6797,-3.69203,0.896038
1121,44.6797,-3.21491,0.696212
1122,39.0947,-3.99306,0.870864
1123,50.2647,-4.29409,0.776556
1124,50.2647,-4.29409,0.918296
1125,41.8872,-4.29409,0.896038
1126,39.0947,-3.99306,0.811278
1127,44.6797,-2.78894,0.918296
1128,47.4722,-3.99306,0.979869
1129,19.5474,-3.99306,0.954434
1130,44.6797,-3.59512,0.842658
1131,30.7173,-2.28977,0.599314
1132,53.0571,-4.29409,0.811278
1133,33.5098,-3.69203,0.599314
1134,33.5098,-4.29409,0.482066
1135,39.0947,-4.29409,0.599314
1136,36.3023,-4.29409,0.543564
1137,27.9248,-4.29409,0.482066
1138,41.8872,-4.29409,0.696212
1139,55.8496,-3.391,0.842658
1140,44.6797,-4.29409,0.842658
1141,44.6797,-3.69203,0.738285
1142,36.3023,-3.99306,0.696212
1143,41.8872,-3.391,0.811278
1144,44.6797,-3.69203,0.696212
1145,39.0947,-4.29409,0.918296
1146,41.8872,-3.99306,0.696212
1147,41.8872,-3.08997,0.811278
1148,41.8872,-4.29409,0.918296
1149,41.8872,-2.97187,0.650022
1150,36.3023,-3.2527,0.937734
1151,36.3023,-2.87912,0.842658
1152,25.1323,-2.80273,0.482066
1153,50.2647,-4.29409,0.968461
1154,47.4722,-3.99306,0.776556
1155,41.8872,-3.2527,0.776556
1156,50.2647,-4.29409,0.937734
1157,25.1323,-4.29409,0.413817
1158,44.6797,-3.59512,0.738285
1159,44.6797,-4.29409,0.696212
1160,27.9248,-2.58652,0.543564
1161,50.2647,-4.29409,0.738285
1162,33.5098,-3.14796,0.918296
1163,50.2647,-3.99306,0.842658
1164,53.0571,-4.29409,0.776556
1165,39.0947,-3.69203,0.650022
1166,39.0947,-3.69203,0.696212
1167,25.1323,-3.69203,0.811278
1168,33.5098,-2.61285,0.842658
1169,53.0571,-4.29409,0.896038
1170,44.6797,-4.29409,0.776556
1171,36.3023,-3.51594,0.811278
1172,41.8872,-4.29409,0.811278
1173,41.8872,-4.29409,0.696212
1174,39.0947,-3.59512,0.599314
1175,44.6797,-3.21491,0.842658
1176,47.4722,-4.29409,0.776556
1177,41.8872,-3.99306,0.811278
1178,22.3398,-2.58652,0.543564
1179,47.4722,-4.29409,0.811278
1180,41.8872,-3.99306,0.988699
1181,25.1323,-2.391,0.543564
1182,41.8872,-3.69203,0.738285
1183,36.3023,-2.80273,0.918296
1184,36.3023,-4.29409,0.896038
1185,33.5098,-3.08997,0.811278
1186,44.6797,-3.51594,0.776556
1187,33.5098,-3.21491,0.870864
1188,41.8872,-3.21491,0.776556
1189,36.3023,-3.391,0.776556
1190,41.8872,-3.81697,0.811278
1191,27.9248,-2.73779,0.543564
1192,44.6797,-2.61285,0.937734
1193,47.4722,-3.29409,0.918296
1194,36.3023,-4.29409,0.811278
1195,36.3023,-4.29409,0.599314
1196,44.6797,-3.69203,0.870864
1197,41.8872,-4.29409,0.599314
1198,30.7173,-3.59512,0.776556
1199,27.9248,-2.99306,0.738285
1200,36.3023,-4.29409,0.776556
1201,39.0947,-2.80273,0.918296
1202,33.5098,-4.29409,0.599314
1203,44.6797,-3.391,0.896038
1204,47.4722,-4.29409,0.776556
1205,33.5098,-3.33985,0.543564
1206,44.6797,-4.29409,0.896038
1207,33.5098,-4.29409,0.543564
1208,30.7173,-3.69203,0.650022
1209,41.8872,-4.29409,0.738285
1210,39.0947,-3.69203,0.696212
1211,19.5474,-3.99306,0.988699
1212,39.0947,-3.391,0.842658
1213,41.8872,-3.391,0.870864
1214,39.0947,-3.69203,0.896038
1215,39.0947,-3.69203,0.738285
1216,44.6797,-3.69203,0.650022
1217,41.8872,-4.29409,0.842658
1218,41.8872,-4.29409,0.650022
1219,47.4722,-4.29409,0.776556
1220,47.4722,-3.69203,0.738285
1221,41.8872,-3.69203,0.776556
1222,39.0947,-3.69203,0.776556
1223,47.4722,-4.29409,0.811278
1224,44.6797,-4.29409,0.811278
1225,53.0571,-3.99306,0.842658
1226,36.3023,-3.08997,0.738285
1227,36.3023,-3.59512,0.650022
1228,44.6797,-3.21491,0.776556
1229,50.2647,-4.29409,0.811278
1230,50.2647,-3.69203,0.696212
1231,41.8872,-3.69203,0.650022
1232,33.5098,-3.69203,0.543564
1233,25.1323,-2.24487,0.954434
1234,41.8872,-4.29409,0.811278
1235,36.3023,-3.59512,0.954434
1236,39.0947,-3.81697,0.650022
1237,41.8872,-3.44899,0.842658
1238,39.0947,-3.21491,0.738285
1239,55.8496,-3.391,0.870864
1240,36.3023,-3.59512,0.896038
1241,39.0947,-3.21491,0.870864
1242,27.9248,-3.03882,0.979869
1243,36.3023,-3.99306,0.842658
1244,39.0947,-3.81697,0.776556
1245,36.3023,-2.99306,0.650022
1246,39.0947,-3.14796,0.937734
1247,53.0571,-4.29409,0.842658
1248,39.0947,-3.81697,0.650022
1249,39.0947,-4.29409,0.918296
1250,39.0947,-3.69203,0.811278
1251,39.0947,-3.51594,0.896038
1252,22.3398,-3.03882,0.249882
1253,27.9248,-4.29409,0.33729
1254,47.4722,-3.69203,0.776556
1255,41.8872,-4.29409,0.650022
1256,41.8872,-2.99306,0.738285
1257,36.3023,-4.29409,0.482066
1258,41.8872,-4.29409,0.696212
1259,50.2647,-4.29409,0.870864
1260,41.8872,-4.29409,0.870864
1261,39.0947,-4.29409,0.696212
1262,39.0947,-4.29409,0.650022
1263,44.6797,-4.29409,0.738285
1264,39.0947,-3.69203,0.738285
1265,36.3023,-3.21491,0.543564
1266,50.2647,-3.81697,0.811278
1267,30.7173,-4.29409,0.979869
1268,41.8872,-4.29409,0.776556
1269,39.0947,-4.29409,0.842658
1270,36.3023,-3.69203,0.811278
1271,41.8872,-4.29409,0.937734
1272,33.5098,-3.69203,0.696212
