Id,KC,log_GSS,TopHalf
0,41.8872,-3.99306,1
1,39.0947,-2.61285,0
2,30.7173,-3.69203,1
3,33.5098,-3.08997,1
4,44.6797,-3.51594,1
5,27.9248,-2.24487,1
6,36.3023,-3.08997,1
7,36.3023,-3.69203,1
8,41.8872,-3.08997,0
9,33.5098,-4.29409,1
10,36.3023,-3.99306,1
11,47.4722,-3.69203,1
12,41.8872,-4.29409,1
13,33.5098,-2.5459,0
14,30.7173,-3.21491,1
15,44.6797,-3.99306,1
16,47.4722,-4.29409,1
17,50.2647,-3.99306,1
18,44.6797,-4.29409,1
19,27.9248,-3.03882,1
20,25.1323,-2.72589,1
21,27.9248,-3.69203,1
22,53.0571,-4.29409,1
23,41.8872,-3.69203,1
24,44.6797,-4.29409,1
25,36.3023,-4.29409,1
26,41.8872,-3.99306,1
27,27.9248,-4.29409,1
28,30.7173,-3.69203,1
29,41.8872,-4.29409,1
30,50.2647,-4.29409,1
31,53.0571,-4.29409,1
32,39.0947,-3.69203,1
33,44.6797,-3.69203,1
34,36.3023,-4.29409,1
35,39.0947,-3.99306,1
36,44.6797,-4.29409,1
37,41.8872,-2.78894,0
38,47.4722,-4.29409,1
39,30.7173,-2.5459,1
40,47.4722,-3.391,0
41,47.4722,-3.81697,1
42,36.3023,-3.21491,1
43,41.8872,-3.69203,1
44,33.5098,-3.08997,1
45,50.2647,-3.69203,1
46,36.3023,-3.99306,1
47,36.3023,-3.51594,1
48,39.0947,-3.69203,1
49,44.6797,-4.29409,1
50,41.8872,-4.29409,1
51,27.9248,-3.99306,1
52,41.8872,-3.69203,1
53,44.6797,-3.08997,0
54,44.6797,-3.99306,1
55,44.6797,-4.29409,1
56,41.8872,-3.69203,1
57,41.8872,-4.29409,1
58,50.2647,-3.391,1
59,47.4722,-2.99306,0
60,50.2647,-3.59512,1
61,36.3023,-2.78894,0
62,41.8872,-3.44899,1
63,36.3023,-3.59512,1
64,30.7173,-2.41328,0
65,36.3023,-4.29409,1
66,33.5098,-3.08997,1
67,39.0947,-2.61285,0
68,44.6797,-3.29409,0
69,50.2647,-3.51594,1
70,41.8872,-4.29409,1
71,41.8872,-3.69203,1
72,39.0947,-4.29409,1
73,36.3023,-3.44899,1
74,39.0947,-3.69203,1
75,33.5098,-3.08997,1
76,22.3398,-1.68343,0
77,33.5098,-3.69203,1
78,44.6797,-4.29409,1
79,41.8872,-4.29409,1
80,33.5098,-2.78894,0
81,41.8872,-3.69203,1
82,39.0947,-2.78894,0
83,36.3023,-2.99306,0
84,39.0947,-3.59512,1
85,22.3398,-3.08997,1
86,39.0947,-3.59512,1
87,41.8872,-3.81697,1
88,44.6797,-3.59512,1
89,36.3023,-3.69203,1
90,36.3023,-2.75002,0
91,39.0947,-4.29409,1
92,36.3023,-3.21491,1
93,39.0947,-3.69203,1
94,30.7173,-3.99306,1
95,41.8872,-3.21491,1
96,36.3023,-3.59512,1
97,36.3023,-3.391,1
98,41.8872,-3.59512,1
99,39.0947,-3.21491,1
100,25.1323,-1.68343,0
101,19.5474,-4.29409,1
102,41.8872,-3.59512,1
103,36.3023,-3.21491,1
104,36.3023,-3.99306,1
105,36.3023,-3.21491,1
106,33.5098,-3.99306,1
107,36.3023,-2.80273,0
108,41.8872,-2.48791,0
109,44.6797,-3.08997,0
110,41.8872,-3.08997,0
111,41.8872,-3.69203,1
112,36.3023,-3.99306,1
113,30.7173,-4.29409,1
114,33.5098,-4.29409,1
115,53.0571,-4.29409,1
116,33.5098,-3.69203,1
117,36.3023,-2.81697,0
118,30.7173,-3.99306,1
119,22.3398,-3.03882,1
120,27.9248,-4.29409,1
121,33.5098,-3.21491,1
122,36.3023,-3.99306,1
123,36.3023,-3.69203,1
124,27.9248,-3.51594,1
125,30.7173,-2.99306,1
126,53.0571,-4.29409,1
127,50.2647,-4.29409,1
128,39.0947,-3.81697,1
129,27.9248,-3.29409,1
130,50.2647,-4.29409,1
131,25.1323,-4.29409,1
132,27.9248,-3.69203,1
133,33.5098,-4.29409,1
134,33.5098,-4.29409,1
135,39.0947,-3.99306,1
136,30.7173,-3.69203,1
137,44.6797,-3.69203,1
138,33.5098,-3.391,1
139,39.0947,-3.69203,1
140,39.0947,-3.69203,1
141,41.8872,-3.69203,1
142,25.1323,-4.29409,1
143,44.6797,-3.99306,1
144,39.0947,-3.33985,1
145,47.4722,-4.29409,1
146,25.1323,-3.59512,1
147,39.0947,-2.99306,0
148,39.0947,-3.81697,1
149,41.8872,-4.29409,1
150,27.9248,-2.84693,1
151,41.8872,-3.59512,1
152,44.6797,-3.21491,0
153,27.9248,-3.69203,1
154,41.8872,-3.99306,1
155,27.9248,-3.69203,1
156,44.6797,-4.29409,1
157,39.0947,-3.21491,0
158,36.3023,-3.99306,1
159,39.0947,-2.72589,0
160,33.5098,-2.84693,0
161,39.0947,-4.29409,1
162,50.2647,-4.29409,1
163,39.0947,-3.81697,1
164,44.6797,-3.51594,1
165,44.6797,-3.391,0
166,33.5098,-3.99306,1
167,47.4722,-4.29409,1
168,44.6797,-3.08997,0
169,41.8872,-3.69203,1
170,39.0947,-3.08997,0
171,39.0947,-3.69203,1
172,41.8872,-4.29409,1
173,33.5098,-3.59512,1
174,39.0947,-3.69203,1
175,41.8872,-3.08997,0
176,39.0947,-4.29409,1
177,47.4722,-3.99306,1
178,41.8872,-3.21491,0
179,41.8872,-4.29409,1
180,44.6797,-4.29409,1
181,47.4722,-3.08997,0
182,47.4722,-3.69203,1
183,44.6797,-3.69203,1
184,41.8872,-4.29409,1
185,53.0571,-2.48791,1
186,50.2647,-3.08997,0
187,47.4722,-3.08997,0
188,47.4722,-3.69203,1
189,50.2647,-3.08997,0
190,44.6797,-3.69203,1
191,44.6797,-3.69203,1
192,47.4722,-3.69203,1
193,44.6797,-3.99306,1
194,39.0947,-3.391,1
195,41.8872,-3.391,1
196,30.7173,-2.72589,1
197,39.0947,-3.99306,1
198,39.0947,-3.69203,1
199,33.5098,-3.99306,1
200,36.3023,-3.99306,1
201,25.1323,-2.97187,1
202,47.4722,-3.08997,0
203,41.8872,-4.29409,1
204,44.6797,-4.29409,1
205,47.4722,-3.69203,1
206,36.3023,-4.29409,1
207,30.7173,-3.59512,1
208,47.4722,-3.51594,1
209,39.0947,-4.29409,1
210,47.4722,-3.99306,1
211,41.8872,-4.29409,1
212,50.2647,-3.99306,1
213,27.9248,-4.29409,1
214,41.8872,-4.29409,1
215,44.6797,-3.99306,1
216,44.6797,-3.69203,1
217,47.4722,-4.29409,1
218,36.3023,-4.29409,1
219,44.6797,-3.69203,1
220,50.2647,-3.99306,1
221,36.3023,-3.21491,1
222,30.7173,-3.21491,1
223,44.6797,-3.51594,1
224,33.5098,-4.29409,1
225,41.8872,-3.99306,1
226,50.2647,-4.29409,1
227,36.3023,-3.21491,1
228,33.5098,-3.99306,1
229,47.4722,-4.29409,1
230,44.6797,-3.69203,1
231,41.8872,-4.29409,1
232,33.5098,-3.59512,1
233,39.0947,-4.29409,1
234,36.3023,-3.99306,1
235,36.3023,-2.97187,0
236,44.6797,-3.69203,1
237,41.8872,-3.69203,1
238,39.0947,-4.29409,1
239,36.3023,-3.391,1
240,39.0947,-3.21491,0
241,50.2647,-3.69203,1
242,47.4722,-4.29409,1
243,39.0947,-4.29409,1
244,41.8872,-3.59512,1
245,41.8872,-4.29409,1
246,41.8872,-3.69203,1
247,39.0947,-3.21491,0
248,41.8872,-3.99306,1
249,39.0947,-3.69203,1
250,55.8496,-3.99306,1
251,44.6797,-4.29409,1
252,33.5098,-3.69203,1
253,41.8872,-3.69203,1
254,33.5098,-3.69203,1
255,41.8872,-4.29409,1
256,47.4722,-4.29409,1
257,33.5098,-3.69203,1
258,22.3398,-4.29409,1
259,47.4722,-3.99306,1
260,50.2647,-3.69203,1
261,47.4722,-4.29409,1
262,41.8872,-3.69203,1
263,30.7173,-3.69203,1
264,36.3023,-2.5459,0
265,39.0947,-3.51594,1
266,33.5098,-4.29409,1
267,41.8872,-4.29409,1
268,44.6797,-3.69203,1
269,36.3023,-3.2527,1
270,44.6797,-4.29409,1
271,41.8872,-4.29409,1
272,44.6797,-4.29409,1
273,33.5098,-4.29409,1
274,41.8872,-4.29409,1
275,41.8872,-3.99306,1
276,41.8872,-3.99306,1
277,39.0947,-3.69203,1
278,47.4722,-3.69203,1
279,47.4722,-3.69203,1
280,41.8872,-3.69203,1
281,41.8872,-3.99306,1
282,36.3023,-3.59512,1
283,44.6797,-4.29409,1
284,44.6797,-3.99306,1
285,47.4722,-4.29409,1
286,39.0947,-4.29409,1
287,27.9248,-2.391,1
288,39.0947,-4.29409,1
289,41.8872,-4.29409,1
290,44.6797,-3.08997,0
291,47.4722,-4.29409,1
292,41.8872,-3.391,1
293,50.2647,-2.78894,0
294,33.5098,-3.03882,1
295,39.0947,-3.44899,1
296,47.4722,-3.69203,1
297,39.0947,-3.69203,1
298,47.4722,-3.69203,1
299,47.4722,-4.29409,1
300,36.3023,-4.29409,1
301,44.6797,-3.69203,1
302,41.8872,-4.29409,1
303,53.0571,-4.29409,1
304,47.4722,-3.391,1
305,39.0947,-3.99306,1
306,27.9248,-4.29409,1
307,36.3023,-4.29409,1
308,47.4722,-3.69203,1
309,39.0947,-3.21491,1
310,44.6797,-3.81697,1
311,39.0947,-4.29409,1
312,47.4722,-4.29409,1
313,41.8872,-3.69203,1
314,47.4722,-3.99306,1
315,25.1323,-3.69203,1
316,36.3023,-3.51594,1
317,19.5474,-3.59512,1
318,39.0947,-4.29409,1
319,44.6797,-4.29409,1
320,47.4722,-3.08997,0
321,44.6797,-3.69203,1
322,41.8872,-3.69203,1
323,41.8872,-4.29409,1
324,39.0947,-3.59512,1
325,39.0947,-2.78894,0
326,27.9248,-2.28977,1
327,44.6797,-4.29409,1
328,33.5098,-3.69203,1
329,36.3023,-4.29409,1
330,39.0947,-4.29409,1
331,39.0947,-3.33985,1
332,39.0947,-3.69203,1
333,39.0947,-3.08997,0
334,41.8872,-3.69203,1
335,44.6797,-3.69203,1
336,30.7173,-3.03882,1
337,47.4722,-3.99306,1
338,39.0947,-4.29409,1
339,44.6797,-4.29409,1
340,25.1323,-2.41328,1
341,44.6797,-3.69203,1
342,41.8872,-3.69203,1
343,44.6797,-3.29409,0
344,39.0947,-3.391,1
345,41.8872,-3.21491,0
346,44.6797,-3.59512,1
347,44.6797,-3.08997,0
348,44.6797,-3.99306,1
349,33.5098,-3.59512,1
350,30.7173,-3.69203,1
351,33.5098,-3.391,1
352,36.3023,-3.21491,1
353,41.8872,-3.59512,1
354,41.8872,-2.78894,0
355,39.0947,-3.69203,1
356,39.0947,-3.59512,1
357,50.2647,-3.69203,1
358,41.8872,-4.29409,1
359,39.0947,-4.29409,1
360,39.0947,-2.99306,0
361,41.8872,-3.59512,1
362,36.3023,-3.08997,1
363,36.3023,-3.59512,1
364,44.6797,-3.51594,1
365,39.0947,-3.99306,1
366,41.8872,-3.69203,1
367,41.8872,-3.69203,1
368,41.8872,-4.29409,1
369,44.6797,-4.29409,1
370,36.3023,-3.69203,1
371,41.8872,-4.29409,1
372,41.8872,-3.99306,1
373,33.5098,-3.69203,1
374,30.7173,-3.69203,1
375,33.5098,-4.29409,1
376,36.3023,-3.21491,1
377,30.7173,-3.08997,1
378,36.3023,-3.69203,1
379,33.5098,-3.99306,1
380,36.3023,-3.81697,1
381,30.7173,-4.29409,1
382,30.7173,-2.48791,1
383,33.5098,-4.29409,1
384,47.4722,-4.29409,1
385,44.6797,-3.69203,1
386,53.0571,-3.391,1
387,41.8872,-4.29409,1
388,41.8872,-3.21491,0
389,53.0571,-3.99306,1
390,47.4722,-4.29409,1
391,41.8872,-3.99306,1
392,30.7173,-3.21491,1
393,50.2647,-3.99306,1
394,33.5098,-3.99306,1
395,39.0947,-3.51594,1
396,19.5474,-2.76261,1
397,22.3398,-3.69203,1
398,39.0947,-3.99306,1
399,30.7173,-4.29409,1
400,47.4722,-3.99306,1
401,36.3023,-2.99306,0
402,36.3023,-2.78894,0
403,41.8872,-4.29409,1
404,44.6797,-3.69203,1
405,39.0947,-4.29409,1
406,33.5098,-3.21491,1
407,27.9248,-3.391,1
408,33.5098,-3.59512,1
409,44.6797,-3.33985,0
410,41.8872,-4.29409,1
411,39.0947,-3.69203,1
412,39.0947,-3.69203,1
413,27.9248,-4.29409,1
414,50.2647,-4.29409,1
415,41.8872,-3.99306,1
416,44.6797,-4.29409,1
417,39.0947,-2.99306,0
418,39.0947,-4.29409,1
419,36.3023,-3.44899,1
420,41.8872,-3.08997,0
421,44.6797,-3.69203,1
422,44.6797,-3.69203,1
423,44.6797,-4.29409,1
424,39.0947,-3.391,1
425,33.5098,-3.21491,1
426,41.8872,-3.99306,1
427,36.3023,-4.29409,1
428,36.3023,-3.99306,1
429,41.8872,-3.81697,1
430,47.4722,-3.69203,1
431,47.4722,-4.29409,1
432,39.0947,-3.21491,1
433,44.6797,-3.69203,1
434,44.6797,-3.391,0
435,33.5098,-3.69203,1
436,27.9248,-4.29409,1
437,47.4722,-3.391,1
438,44.6797,-3.21491,0
439,41.8872,-4.29409,1
440,50.2647,-3.69203,1
441,41.8872,-3.08997,0
442,44.6797,-3.99306,1
443,44.6797,-3.99306,1
444,41.8872,-3.69203,1
445,39.0947,-4.29409,1
446,47.4722,-4.29409,1
447,39.0947,-3.59512,1
448,41.8872,-3.69203,1
449,33.5098,-2.48791,0
450,30.7173,-3.08997,1
451,33.5098,-3.69203,1
452,36.3023,-3.08997,1
453,44.6797,-4.29409,1
454,44.6797,-3.391,0
455,47.4722,-3.391,1
456,44.6797,-3.08997,0
457,36.3023,-3.51594,1
458,44.6797,-4.29409,1
459,33.5098,-3.14796,1
460,33.5098,-3.391,1
461,47.4722,-4.29409,1
462,36.3023,-4.29409,1
463,39.0947,-3.69203,1
464,27.9248,-2.76261,1
465,41.8872,-3.69203,1
466,27.9248,-3.69203,1
467,33.5098,-2.78894,0
468,50.2647,-4.29409,1
469,30.7173,-2.11225,0
470,36.3023,-2.75002,0
471,33.5098,-2.73779,0
472,36.3023,-3.69203,1
473,41.8872,-2.78894,0
474,41.8872,-3.59512,1
475,27.9248,-3.59512,1
476,44.6797,-3.69203,1
477,47.4722,-3.69203,1
478,44.6797,-3.69203,1
479,44.6797,-4.29409,1
480,41.8872,-4.29409,1
481,41.8872,-4.29409,1
482,33.5098,-2.97187,1
483,33.5098,-3.69203,1
484,50.2647,-3.99306,1
485,25.1323,-4.29409,1
486,39.0947,-4.29409,1
487,30.7173,-3.99306,1
488,47.4722,-3.69203,1
489,36.3023,-3.69203,1
490,47.4722,-3.69203,1
491,44.6797,-4.29409,1
492,39.0947,-3.69203,1
493,27.9248,-4.29409,1
494,41.8872,-3.99306,1
495,50.2647,-4.29409,1
496,19.5474,-3.69203,1
497,36.3023,-3.99306,1
498,27.9248,-3.69203,1
499,44.6797,-4.29409,1
500,30.7173,-4.29409,1
501,19.5474,-3.03882,1
502,33.5098,-3.69203,1
503,41.8872,-3.59512,1
504,41.8872,-3.59512,1
505,39.0947,-4.29409,1
506,39.0947,-3.391,1
507,36.3023,-3.29409,1
508,33.5098,-3.01534,1
509,33.5098,-4.29409,1
510,44.6797,-3.69203,1
511,47.4722,-3.08997,0
512,44.6797,-4.29409,1
513,47.4722,-3.69203,1
514,41.8872,-4.29409,1
515,44.6797,-3.08997,0
516,44.6797,-3.69203,1
517,41.8872,-4.29409,1
518,44.6797,-4.29409,1
519,33.5098,-2.61285,0
520,39.0947,-4.29409,1
521,47.4722,-3.69203,1
522,36.3023,-3.29409,1
523,44.6797,-3.99306,1
524,47.4722,-4.29409,1
525,36.3023,-2.80273,0
526,50.2647,-4.29409,1
527,27.9248,-4.29409,1
528,41.8872,-3.81697,1
529,44.6797,-3.21491,0
530,47.4722,-3.69203,1
531,44.6797,-4.29409,1
532,41.8872,-3.69203,1
533,47.4722,-4.29409,1
534,39.0947,-4.29409,1
535,39.0947,-3.33985,1
536,39.0947,-3.33985,1
537,47.4722,-2.78894,0
538,44.6797,-4.29409,1
539,44.6797,-4.29409,1
540,39.0947,-3.99306,1
541,39.0947,-4.29409,1
542,44.6797,-3.99306,1
543,47.4722,-3.08997,0
544,50.2647,-4.29409,1
545,36.3023,-2.61285,0
546,33.5098,-4.29409,1
547,36.3023,-3.69203,1
548,44.6797,-3.51594,1
549,30.7173,-3.69203,1
550,44.6797,-3.14796,0
551,44.6797,-3.69203,1
552,41.8872,-4.29409,1
553,36.3023,-4.29409,1
554,33.5098,-3.08997,1
555,47.4722,-3.99306,1
556,33.5098,-3.69203,1
557,41.8872,-3.59512,1
558,30.7173,-2.31182,0
559,41.8872,-3.69203,1
560,36.3023,-3.21491,1
561,22.3398,-3.81697,1
562,39.0947,-3.21491,1
563,36.3023,-3.59512,1
564,33.5098,-3.391,1
565,39.0947,-3.21491,0
566,41.8872,-3.81697,1
567,47.4722,-2.99306,0
568,41.8872,-3.69203,1
569,36.3023,-3.21491,1
570,36.3023,-3.59512,1
571,39.0947,-3.81697,1
572,44.6797,-4.29409,1
573,44.6797,-4.29409,1
574,36.3023,-4.29409,1
575,41.8872,-4.29409,1
576,44.6797,-3.69203,1
577,36.3023,-3.21491,1
578,25.1323,-3.99306,1
579,44.6797,-3.99306,1
580,44.6797,-3.69203,1
581,41.8872,-3.59512,1
582,50.2647,-3.69203,1
583,36.3023,-4.29409,1
584,39.0947,-4.29409,1
585,33.5098,-2.78894,0
586,36.3023,-2.78894,0
587,39.0947,-4.29409,1
588,41.8872,-3.69203,1
589,41.8872,-3.99306,1
590,39.0947,-3.69203,1
591,36.3023,-4.29409,1
592,36.3023,-3.08997,1
593,30.7173,-3.69203,1
594,33.5098,-3.69203,1
595,36.3023,-4.29409,1
596,50.2647,-3.391,1
597,41.8872,-4.29409,1
598,33.5098,-4.29409,1
599,44.6797,-3.99306,1
600,44.6797,-3.51594,1
601,39.0947,-2.48791,0
602,36.3023,-3.29409,1
603,44.6797,-4.29409,1
604,27.9248,-3.69203,1
605,36.3023,-3.08997,1
606,30.7173,-4.29409,1
607,50.2647,-4.29409,1
608,33.5098,-2.99306,1
609,39.0947,-3.81697,1
610,47.4722,-4.29409,1
611,47.4722,-3.69203,1
612,44.6797,-4.29409,1
613,36.3023,-3.391,1
614,33.5098,-3.69203,1
615,39.0947,-3.51594,1
616,39.0947,-3.81697,1
617,41.8872,-3.69203,1
618,50.2647,-4.29409,1
619,44.6797,-3.99306,1
620,41.8872,-4.29409,1
621,30.7173,-3.69203,1
622,41.8872,-4.29409,1
623,36.3023,-3.51594,1
624,44.6797,-3.69203,1
625,39.0947,-3.21491,0
626,39.0947,-4.29409,1
627,36.3023,-3.69203,1
628,36.3023,-4.29409,1
629,39.0947,-4.29409,1
630,33.5098,-3.69203,1
631,44.6797,-3.81697,1
632,41.8872,-3.81697,1
633,36.3023,-2.72589,0
634,30.7173,-3.51594,1
635,41.8872,-3.391,1
636,39.0947,-3.69203,1
637,41.8872,-3.391,1
638,44.6797,-3.08997,0
639,30.7173,-3.08997,1
640,36.3023,-3.29409,1
641,30.7173,-3.69203,1
642,41.8872,-4.29409,1
643,44.6797,-4.29409,1
644,47.4722,-3.391,1
645,36.3023,-4.29409,1
646,47.4722,-3.391,1
647,36.3023,-3.51594,1
648,55.8496,-4.29409,1
649,39.0947,-4.29409,1
650,39.0947,-4.29409,1
651,30.7173,-2.58652,1
652,30.7173,-2.99306,1
653,44.6797,-4.29409,1
654,41.8872,-3.33985,1
655,39.0947,-3.21491,0
656,39.0947,-3.99306,1
657,39.0947,-3.69203,1
658,47.4722,-4.29409,1
659,39.0947,-3.59512,1
660,44.6797,-3.29409,0
661,33.5098,-2.5459,0
662,33.5098,-3.21491,1
663,33.5098,-3.69203,1
664,41.8872,-3.33985,1
665,36.3023,-3.99306,1
666,39.0947,-3.391,1
667,44.6797,-4.29409,1
668,39.0947,-3.69203,1
669,33.5098,-3.69203,1
670,41.8872,-4.29409,1
671,30.7173,-3.29409,1
672,27.9248,-4.29409,1
673,33.5098,-2.391,0
674,36.3023,-3.59512,1
675,39.0947,-3.21491,1
676,33.5098,-2.80273,0
677,36.3023,-4.29409,1
678,30.7173,-3.69203,1
679,47.4722,-4.29409,1
680,33.5098,-2.87912,1
681,39.0947,-3.99306,1
682,36.3023,-4.29409,1
683,41.8872,-3.69203,1
684,36.3023,-3.59512,1
685,36.3023,-3.21491,1
686,33.5098,-2.99306,1
687,36.3023,-3.81697,1
688,41.8872,-3.69203,1
689,41.8872,-4.29409,1
690,36.3023,-3.21491,1
691,36.3023,-4.29409,1
692,36.3023,-3.99306,1
693,47.4722,-3.69203,1
694,50.2647,-4.29409,1
695,41.8872,-3.69203,1
696,55.8496,-3.69203,1
697,33.5098,-4.29409,1
698,47.4722,-4.29409,1
699,41.8872,-3.08997,0
700,44.6797,-3.69203,1
701,44.6797,-3.69203,1
702,44.6797,-4.29409,1
703,36.3023,-3.08997,1
704,33.5098,-3.69203,1
705,33.5098,-4.29409,1
706,39.0947,-3.69203,1
707,27.9248,-4.29409,1
708,44.6797,-3.118,0
709,36.3023,-3.69203,1
710,30.7173,-2.28977,0
711,39.0947,-3.99306,1
712,25.1323,-3.99306,1
713,39.0947,-2.99306,0
714,41.8872,-3.59512,1
715,39.0947,-3.99306,1
716,36.3023,-3.08997,0
717,30.7173,-3.99306,1
718,41.8872,-3.99306,1
719,33.5098,-4.29409,1
720,27.9248,-3.69203,1
721,39.0947,-3.21491,1
722,27.9248,-4.29409,1
723,36.3023,-4.29409,1
724,25.1323,-2.50876,1
725,41.8872,-3.99306,1
726,36.3023,-3.59512,1
727,39.0947,-3.51594,1
728,47.4722,-3.69203,1
729,50.2647,-4.29409,1
730,33.5098,-3.99306,1
731,22.3398,-1.80273,1
732,30.7173,-2.58652,1
733,39.0947,-3.69203,1
734,39.0947,-4.29409,1
735,44.6797,-4.29409,1
736,41.8872,-4.29409,1
737,44.6797,-4.29409,1
738,39.0947,-3.21491,1
739,36.3023,-4.29409,1
740,30.7173,-2.48791,0
741,44.6797,-3.21491,0
742,39.0947,-3.21491,1
743,30.7173,-2.78894,1
744,36.3023,-3.21491,1
745,47.4722,-3.81697,1
746,47.4722,-3.69203,1
747,36.3023,-4.29409,1
748,53.0571,-4.29409,1
749,41.8872,-4.29409,1
750,39.0947,-3.391,1
751,47.4722,-3.51594,1
752,39.0947,-3.69203,1
753,39.0947,-3.08997,0
754,41.8872,-3.21491,0
755,33.5098,-4.29409,1
756,47.4722,-3.99306,1
757,30.7173,-4.29409,1
758,39.0947,-3.21491,1
759,41.8872,-3.08997,0
760,44.6797,-3.81697,1
761,39.0947,-3.99306,1
762,44.6797,-3.81697,1
763,50.2647,-2.99306,0
764,47.4722,-3.08997,0
765,44.6797,-3.69203,1
766,44.6797,-3.69203,1
767,41.8872,-4.29409,1
768,39.0947,-3.99306,1
769,36.3023,-3.69203,1
770,36.3023,-4.29409,1
771,44.6797,-3.51594,1
772,50.2647,-3.21491,0
773,41.8872,-3.14796,0
774,41.8872,-4.29409,1
775,47.4722,-4.29409,1
776,36.3023,-3.391,1
777,27.9248,-2.76261,1
778,39.0947,-3.08997,0
779,33.5098,-2.75002,0
780,44.6797,-3.81697,1
781,39.0947,-3.69203,1
782,41.8872,-4.29409,1
783,30.7173,-2.58652,1
784,47.4722,-3.99306,1
785,39.0947,-3.391,1
786,41.8872,-4.29409,1
787,27.9248,-3.01534,1
788,47.4722,-3.69203,1
789,50.2647,-4.29409,1
790,44.6797,-4.29409,1
791,39.0947,-2.48791,0
792,41.8872,-3.69203,1
793,41.8872,-4.29409,1
794,36.3023,-2.75002,0
795,41.8872,-4.29409,1
796,50.2647,-3.99306,1
797,44.6797,-3.69203,1
798,33.5098,-3.69203,1
799,44.6797,-3.99306,1
800,39.0947,-3.69203,1
801,39.0947,-3.81697,1
802,44.6797,-3.81697,1
803,41.8872,-3.59512,1
804,41.8872,-3.99306,1
805,50.2647,-4.29409,1
806,36.3023,-3.44899,1
807,41.8872,-3.08997,0
808,41.8872,-3.69203,1
809,44.6797,-4.29409,1
810,39.0947,-3.69203,1
811,47.4722,-4.29409,1
812,47.4722,-3.99306,1
813,47.4722,-4.29409,1
814,41.8872,-3.69203,1
815,39.0947,-4.29409,1
816,41.8872,-3.69203,1
817,44.6797,-3.51594,1
818,41.8872,-4.29409,1
819,47.4722,-4.29409,1
820,39.0947,-3.08997,0
821,39.0947,-3.21491,1
822,36.3023,-3.69203,1
823,36.3023,-3.118,1
824,41.8872,-3.99306,1
825,36.3023,-3.391,1
826,44.6797,-3.69203,1
827,44.6797,-4.29409,1
828,39.0947,-4.29409,1
829,47.4722,-3.99306,1
830,36.3023,-3.21491,1
831,47.4722,-4.29409,1
832,44.6797,-3.69203,1
833,41.8872,-3.99306,1
834,36.3023,-4.29409,1
835,41.8872,-4.29409,1
836,50.2647,-3.99306,1
837,27.9248,-1.55137,0
838,44.6797,-3.391,1
839,47.4722,-3.69203,1
840,44.6797,-3.69203,1
841,41.8872,-3.99306,1
842,33.5098,-3.08997,1
843,39.0947,-3.08997,0
844,41.8872,-4.29409,1
845,47.4722,-3.69203,1
846,47.4722,-3.08997,0
847,44.6797,-3.69203,1
848,44.6797,-4.29409,1
849,41.8872,-4.29409,1
850,41.8872,-2.61285,0
851,44.6797,-4.29409,1
852,33.5098,-3.99306,1
853,36.3023,-4.29409,1
854,47.4722,-3.69203,1
855,50.2647,-3.99306,1
856,44.6797,-4.29409,1
857,41.8872,-3.69203,1
858,36.3023,-3.391,1
859,44.6797,-3.69203,1
860,39.0947,-4.29409,1
861,36.3023,-3.51594,1
862,44.6797,-3.33985,0
863,44.6797,-4.29409,1
864,30.7173,-4.29409,1
865,36.3023,-3.69203,1
866,36.3023,-3.69203,1
867,39.0947,-3.391,1
868,27.9248,-2.78894,1
869,39.0947,-3.99306,1
870,33.5098,-2.75002,0
871,50.2647,-4.29409,1
872,44.6797,-3.21491,0
873,39.0947,-3.21491,1
874,33.5098,-3.99306,1
875,41.8872,-3.59512,1
876,36.3023,-3.59512,1
877,39.0947,-3.69203,1
878,36.3023,-4.29409,1
879,33.5098,-3.29409,1
880,25.1323,-3.03882,1
881,39.0947,-4.29409,1
882,30.7173,-4.29409,1
883,30.7173,-4.29409,1
884,41.8872,-3.69203,1
885,41.8872,-4.29409,1
886,41.8872,-3.08997,0
887,39.0947,-3.69203,1
888,36.3023,-4.29409,1
889,30.7173,-2.41328,0
890,41.8872,-3.69203,1
891,44.6797,-3.08997,0
892,44.6797,-3.99306,1
893,44.6797,-3.69203,1
894,25.1323,-2.391,1
895,41.8872,-3.99306,1
896,44.6797,-3.08997,0
897,39.0947,-3.33985,1
898,36.3023,-3.99306,1
899,39.0947,-4.29409,1
900,47.4722,-3.69203,1
901,50.2647,-3.08997,0
902,50.2647,-3.69203,1
903,47.4722,-4.29409,1
904,50.2647,-3.08997,0
905,47.4722,-4.29409,1
906,39.0947,-4.29409,1
907,44.6797,-4.29409,1
908,33.5098,-3.59512,1
909,44.6797,-3.21491,0
910,41.8872,-3.69203,1
911,30.7173,-3.59512,1
912,39.0947,-4.29409,1
913,50.2647,-4.29409,1
914,39.0947,-3.69203,1
915,39.0947,-3.69203,1
916,44.6797,-2.78894,0
917,33.5098,-3.99306,1
918,44.6797,-2.78894,0
919,25.1323,-3.99306,1
920,41.8872,-3.59512,1
921,36.3023,-3.01534,0
922,39.0947,-3.59512,1
923,44.6797,-3.81697,1
924,36.3023,-4.29409,1
925,47.4722,-3.08997,0
926,44.6797,-3.69203,1
927,44.6797,-3.69203,1
928,41.8872,-4.29409,1
929,39.0947,-3.99306,1
930,30.7173,-3.69203,1
931,39.0947,-4.29409,1
932,36.3023,-3.69203,1
933,36.3023,-3.69203,1
934,41.8872,-3.99306,1
935,44.6797,-3.69203,1
936,41.8872,-3.21491,0
937,41.8872,-3.51594,1
938,41.8872,-2.78894,0
939,36.3023,-4.29409,1
940,41.8872,-3.391,1
941,39.0947,-4.29409,1
942,27.9248,-3.29409,1
943,36.3023,-2.80273,0
944,55.8496,-4.29409,1
945,41.8872,-3.59512,1
946,47.4722,-3.08997,0
947,39.0947,-3.99306,1
948,47.4722,-4.29409,1
949,44.6797,-3.69203,1
950,30.7173,-2.99306,1
951,53.0571,-3.69203,1
952,36.3023,-3.69203,1
953,41.8872,-4.29409,1
954,36.3023,-2.80273,0
955,41.8872,-3.69203,1
956,47.4722,-4.29409,1
957,44.6797,-4.29409,1
958,39.0947,-3.08997,0
959,22.3398,-2.41328,1
960,30.7173,-4.29409,1
961,33.5098,-4.29409,1
962,39.0947,-3.99306,1
963,36.3023,-3.59512,1
964,50.2647,-3.69203,1
965,44.6797,-3.69203,1
966,47.4722,-4.29409,1
967,41.8872,-4.29409,1
968,25.1323,-3.59512,1
969,41.8872,-4.29409,1
970,47.4722,-4.29409,1
971,44.6797,-3.69203,1
972,33.5098,-4.29409,1
973,36.3023,-2.99306,0
974,44.6797,-4.29409,1
975,39.0947,-3.81697,1
976,50.2647,-3.51594,1
977,44.6797,-3.69203,1
978,47.4722,-3.69203,1
979,41.8872,-3.59512,1
980,39.0947,-3.81697,1
981,41.8872,-3.69203,1
982,33.5098,-3.29409,1
983,30.7173,-3.01534,1
984,36.3023,-3.59512,1
985,50.2647,-3.69203,1
986,53.0571,-4.29409,1
987,33.5098,-3.69203,1
988,47.4722,-3.69203,1
989,39.0947,-4.29409,1
990,41.8872,-3.69203,1
991,41.8872,-4.29409,1
992,44.6797,-3.69203,1
993,39.0947,-4.29409,1
994,44.6797,-4.29409,1
995,39.0947,-3.59512,1
996,50.2647,-3.69203,1
997,39.0947,-3.2527,1
998,39.0947,-3.69203,1
999,39.0947,-3.69203,1
1000,41.8872,-3.81697,1
1001,36.3023,-3.29409,1
1002,44.6797,-3.21491,0
1003,27.9248,-3.03882,1
1004,41.8872,-3.69203,1
1005,36.3023,-4.29409,1
1006,41.8872,-4.29409,1
1007,33.5098,-4.29409,1
1008,36.3023,-4.29409,1
1009,53.0571,-3.69203,1
1010,39.0947,-3.99306,1
1011,44.6797,-3.69203,1
1012,36.3023,-3.59512,1
1013,41.8872,-4.29409,1
1014,41.8872,-3.69203,1
1015,39.0947,-4.29409,1
1016,44.6797,-3.21491,0
1017,30.7173,-4.29409,1
1018,47.4722,-3.391,1
1019,44.6797,-3.69203,1
1020,44.6797,-4.29409,1
1021,36.3023,-4.29409,1
1022,50.2647,-3.99306,1
1023,33.5098,-3.99306,1
1024,39.0947,-4.29409,1
1025,41.8872,-4.29409,1
1026,30.7173,-2.99306,1
1027,41.8872,-3.59512,1
1028,30.7173,-3.69203,1
1029,39.0947,-2.48791,0
1030,39.0947,-3.08997,0
1031,39.0947,-3.69203,1
1032,41.8872,-3.08997,0
1033,44.6797,-4.29409,1
1034,41.8872,-3.08997,0
1035,44.6797,-3.51594,1
1036,41.8872,-4.29409,1
1037,36.3023,-3.118,1
1038,41.8872,-2.99306,0
1039,44.6797,-3.59512,1
1040,33.5098,-3.69203,1
1041,33.5098,-3.69203,1
1042,39.0947,-3.99306,1
1043,33.5098,-4.29409,1
1044,33.5098,-3.03882,1
1045,39.0947,-4.29409,1
1046,36.3023,-3.14796,1
1047,30.7173,-3.391,1
1048,30.7173,-3.69203,1
1049,33.5098,-3.29409,1
1050,36.3023,-2.99306,0
1051,39.0947,-3.391,1
1052,39.0947,-4.29409,1
1053,41.8872,-3.99306,1
1054,50.2647,-4.29409,1
1055,41.8872,-3.51594,1
1056,36.3023,-4.29409,1
1057,50.2647,-4.29409,1
1058,47.4722,-4.29409,1
1059,27.9248,-3.03882,1
1060,33.5098,-4.29409,1
1061,39.0947,-3.69203,1
1062,41.8872,-4.29409,1
1063,30.7173,-3.69203,1
1064,47.4722,-3.08997,0
1065,22.3398,-4.29409,1
1066,41.8872,-4.29409,1
1067,30.7173,-2.48791,0
1068,53.0571,-4.29409,1
1069,36.3023,-3.69203,1
1070,22.3398,-3.59512,1
1071,41.8872,-3.69203,1
1072,41.8872,-3.99306,1
1073,36.3023,-2.50876,0
1074,39.0947,-4.29409,1
1075,39.0947,-4.29409,1
1076,33.5098,-3.69203,1
1077,36.3023,-4.29409,1
1078,36.3023,-3.08997,0
1079,33.5098,-3.69203,1
1080,39.0947,-4.29409,1
1081,30.7173,-3.69203,1
1082,41.8872,-3.69203,1
1083,44.6797,-3.69203,1
1084,41.8872,-3.99306,1
1085,41.8872,-4.29409,1
1086,22.3398,-3.03882,1
1087,33.5098,-3.69203,1
1088,44.6797,-3.69203,1
1089,33.5098,-3.08997,1
1090,39.0947,-3.99306,1
1091,44.6797,-3.99306,1
1092,33.5098,-3.2527,1
1093,39.0947,-4.29409,1
1094,36.3023,-3.59512,1
1095,44.6797,-3.69203,1
1096,33.5098,-2.99306,1
1097,33.5098,-3.59512,1
1098,22.3398,-3.99306,1
1099,33.5098,-3.69203,1
1100,41.8872,-3.69203,1
1101,41.8872,-4.29409,1
1102,41.8872,-3.69203,1
1103,39.0947,-3.391,1
1104,41.8872,-3.33985,1
1105,39.0947,-4.29409,1
1106,39.0947,-3.59512,1
1107,41.8872,-3.81697,1
1108,39.0947,-3.08997,0
1109,39.0947,-4.29409,1
1110,36.3023,-3.14796,1
1111,47.4722,-4.29409,1
1112,39.0947,-3.69203,1
1113,41.8872,-2.61285,0
1114,47.4722,-3.51594,1
1115,41.8872,-4.29409,1
1116,41.8872,-3.69203,1
1117,36.3023,-4.29409,1
1118,41.8872,-3.59512,1
1119,33.5098,-4.29409,1
1120,41.8872,-3.59512,1
1121,50.2647,-4.29409,1
1122,5.58496,-1.3182,1
1123,44.6797,-4.29409,1
1124,41.8872,-4.29409,1
1125,39.0947,-3.21491,1
1126,41.8872,-3.99306,1
1127,39.0947,-4.29409,1
1128,41.8872,-3.08997,0
1129,39.0947,-4.29409,1
1130,50.2647,-4.29409,1
1131,50.2647,-3.69203,1
1132,47.4722,-4.29409,1
1133,36.3023,-3.51594,1
1134,30.7173,-3.33985,1
1135,30.7173,-3.69203,1
1136,36.3023,-3.391,1
1137,47.4722,-3.08997,0
1138,50.2647,-4.29409,1
1139,33.5098,-3.14796,1
1140,39.0947,-3.08997,0
1141,33.5098,-3.99306,1
1142,41.8872,-3.69203,1
1143,39.0947,-3.81697,1
1144,41.8872,-2.99306,0
1145,44.6797,-4.29409,1
1146,44.6797,-3.69203,1
1147,50.2647,-3.99306,1
1148,47.4722,-3.59512,1
1149,30.7173,-2.391,0
1150,19.5474,-3.03882,1
1151,39.0947,-3.99306,1
1152,50.2647,-4.29409,1
1153,44.6797,-3.08997,0
1154,36.3023,-4.29409,1
1155,41.8872,-3.69203,1
1156,41.8872,-3.69203,1
1157,44.6797,-4.29409,1
1158,41.8872,-3.69203,1
1159,44.6797,-3.99306,1
1160,30.7173,-3.69203,1
1161,22.3398,-4.29409,1
1162,47.4722,-4.29409,1
1163,47.4722,-4.29409,1
1164,47.4722,-3.69203,1
1165,33.5098,-3.03882,1
1166,47.4722,-4.29409,1
1167,44.6797,-4.29409,1
1168,27.9248,-3.69203,1
1169,41.8872,-4.29409,1
1170,44.6797,-4.29409,1
1171,47.4722,-3.59512,1
1172,41.8872,-3.69203,1
1173,41.8872,-4.29409,1
1174,44.6797,-3.81697,1
1175,44.6797,-3.69203,1
1176,39.0947,-3.99306,1
1177,44.6797,-3.99306,1
1178,41.8872,-2.78894,0
1179,36.3023,-4.29409,1
1180,39.0947,-3.21491,1
1181,33.5098,-4.29409,1
1182,36.3023,-2.31182,0
1183,44.6797,-3.69203,1
1184,44.6797,-4.29409,1
1185,41.8872,-4.29409,1
1186,44.6797,-3.51594,1
1187,50.2647,-4.29409,1
1188,39.0947,-3.69203,1
1189,33.5098,-3.69203,1
1190,36.3023,-4.29409,1
1191,36.3023,-3.08997,0
1192,47.4722,-3.08997,0
1193,44.6797,-3.69203,1
1194,47.4722,-3.08997,0
1195,47.4722,-3.69203,1
1196,44.6797,-4.29409,1
1197,39.0947,-4.29409,1
1198,47.4722,-3.69203,1
1199,36.3023,-3.69203,1
1200,47.4722,-4.29409,1
1201,47.4722,-3.99306,1
1202,44.6797,-4.29409,1
1203,41.8872,-4.29409,1
1204,41.8872,-3.59512,1
1205,33.5098,-3.59512,1
1206,33.5098,-3.21491,1
1207,30.7173,-3.29409,1
1208,36.3023,-3.51594,1
1209,41.8872,-4.29409,1
1210,47.4722,-4.29409,1
1211,44.6797,-4.29409,1
1212,41.8872,-3.99306,1
1213,39.0947,-3.59512,1
1214,33.5098,-3.08997,1
1215,30.7173,-3.69203,1
1216,41.8872,-4.29409,1
1217,41.8872,-2.78894,0
1218,36.3023,-3.51594,1
1219,33.5098,-2.99306,1
1220,33.5098,-3.08997,1
1221,36.3023,-3.118,1
1222,41.8872,-4.29409,1
1223,22.3398,-4.29409,1
1224,27.9248,-3.69203,1
1225,36.3023,-4.29409,1
1226,39.0947,-4.29409,1
1227,39.0947,-4.29409,1
1228,36.3023,-3.69203,1
1229,39.0947,-4.29409,1
1230,39.0947,-3.21491,1
1231,41.8872,-3.51594,1
1232,47.4722,-4.29409,1
1233,39.0947,-3.99306,1
1234,39.0947,-2.80273,0
1235,44.6797,-3.69203,1
1236,47.4722,-3.08997,0
1237,47.4722,-4.29409,1
1238,36.3023,-2.28977,0
1239,44.6797,-3.69203,1
1240,30.7173,-3.99306,1
1241,39.0947,-3.69203,1
1242,36.3023,-4.29409,1
1243,36.3023,-3.99306,1
1244,25.1323,-3.51594,1
1245,30.7173,-3.29409,1
1246,47.4722,-2.78894,0
1247,30.7173,-2.72589,1
1248,30.7173,-2.97187,1
1249,36.3023,-3.99306,1
1250,27.9248,-4.29409,1
1251,41.8872,-3.08997,0
1252,44.6797,-3.69203,1
1253,41.8872,-3.08997,0
1254,41.8872,-3.69203,1
1255,44.6797,-3.69203,1
1256,41.8872,-4.29409,1
1257,44.6797,-3.69203,1
1258,41.8872,-4.29409,1
1259,39.0947,-4.29409,1
1260,36.3023,-4.29409,1
1261,44.6797,-3.69203,1
1262,41.8872,-4.29409,1
1263,33.5098,-3.59512,1
1264,41.8872,-3.51594,1
1265,44.6797,-3.99306,1
1266,33.5098,-3.99306,1
1267,39.0947,-3.08997,0
1268,44.6797,-3.69203,1
1269,39.0947,-3.08997,0
1270,47.4722,-4.29409,1
1271,41.8872,-3.99306,1
1272,39.0947,-3.69203,1
1273,39.0947,-3.69203,1
1274,36.3023,-4.29409,1
1275,39.0947,-3.08997,0
1276,41.8872,-3.51594,1
1277,36.3023,-3.69203,1
1278,36.3023,-3.21491,1
1279,39.0947,-3.08997,0
1280,39.0947,-3.99306,1
1281,41.8872,-3.118,0
1282,44.6797,-3.391,0
1283,47.4722,-3.391,0
1284,50.2647,-4.29409,1
1285,44.6797,-4.29409,1
1286,41.8872,-3.08997,0
1287,41.8872,-3.69203,1
1288,41.8872,-4.29409,1
1289,22.3398,-2.76261,1
1290,25.1323,-3.69203,1
1291,44.6797,-3.29409,0
1292,39.0947,-4.29409,1
1293,36.3023,-3.391,1
1294,39.0947,-4.29409,1
1295,47.4722,-3.69203,1
1296,47.4722,-3.99306,1
1297,50.2647,-3.81697,1
1298,44.6797,-3.69203,1
1299,50.2647,-3.69203,1
1300,41.8872,-4.29409,1
1301,41.8872,-4.29409,1
1302,47.4722,-4.29409,1
1303,44.6797,-3.99306,1
1304,53.0571,-3.69203,1
1305,44.6797,-3.69203,1
1306,44.6797,-4.29409,1
1307,41.8872,-3.69203,1
1308,50.2647,-4.29409,1
1309,36.3023,-4.29409,1
1310,50.2647,-4.29409,1
1311,41.8872,-4.29409,1
1312,39.0947,-4.29409,1
1313,30.7173,-3.69203,1
1314,44.6797,-4.29409,1
1315,30.7173,-3.08997,1
1316,36.3023,-3.391,1
1317,36.3023,-4.29409,1
1318,36.3023,-3.99306,1
1319,41.8872,-3.51594,1
1320,41.8872,-4.29409,1
1321,39.0947,-4.29409,1
1322,47.4722,-4.29409,1
1323,33.5098,-3.59512,1
1324,39.0947,-3.69203,1
1325,30.7173,-2.99306,1
1326,41.8872,-3.51594,1
1327,36.3023,-3.391,1
1328,50.2647,-3.08997,0
1329,27.9248,-4.29409,1
1330,47.4722,-4.29409,1
1331,50.2647,-3.69203,1
1332,47.4722,-3.69203,1
1333,41.8872,-4.29409,1
1334,36.3023,-4.29409,1
1335,50.2647,-3.51594,1
1336,44.6797,-3.391,1
1337,41.8872,-3.99306,1
1338,39.0947,-3.21491,1
1339,39.0947,-3.99306,1
1340,33.5098,-4.29409,1
1341,30.7173,-4.29409,1
1342,27.9248,-2.11225,0
1343,41.8872,-4.29409,1
1344,41.8872,-3.59512,1
1345,39.0947,-3.21491,1
1346,39.0947,-3.81697,1
1347,41.8872,-3.69203,1
1348,47.4722,-3.69203,1
1349,44.6797,-4.29409,1
1350,44.6797,-3.69203,1
1351,30.7173,-4.29409,1
1352,36.3023,-3.51594,1
1353,39.0947,-4.29409,1
1354,36.3023,-3.69203,1
1355,39.0947,-3.99306,1
1356,41.8872,-3.391,1
1357,36.3023,-3.69203,1
1358,39.0947,-4.29409,1
1359,41.8872,-3.81697,1
1360,44.6797,-3.69203,1
1361,44.6797,-4.29409,1
1362,33.5098,-3.69203,1
1363,33.5098,-3.03882,1
1364,47.4722,-3.69203,1
1365,39.0947,-3.59512,1
1366,44.6797,-3.51594,1
1367,47.4722,-4.29409,1
1368,30.7173,-2.24487,0
1369,41.8872,-3.29409,1
1370,36.3023,-3.14796,1
1371,50.2647,-3.99306,1
1372,47.4722,-4.29409,1
1373,41.8872,-4.29409,1
1374,44.6797,-3.69203,1
1375,36.3023,-3.99306,1
1376,44.6797,-3.69203,1
1377,44.6797,-4.29409,1
1378,33.5098,-2.50876,0
1379,33.5098,-4.29409,1
1380,30.7173,-4.29409,1
1381,39.0947,-4.29409,1
1382,44.6797,-3.99306,1
1383,39.0947,-3.69203,1
1384,44.6797,-4.29409,1
1385,36.3023,-2.75002,0
1386,25.1323,-2.41328,1
1387,41.8872,-3.99306,1
1388,47.4722,-4.29409,1
1389,27.9248,-3.08997,1
1390,41.8872,-3.99306,1
1391,33.5098,-2.28977,0
1392,47.4722,-3.69203,1
1393,22.3398,-2.48791,1
1394,47.4722,-3.69203,1
1395,44.6797,-4.29409,1
1396,36.3023,-3.99306,1
1397,44.6797,-3.59512,1
1398,30.7173,-2.99306,1
1399,36.3023,-3.81697,1
1400,19.5474,-2.48791,1
1401,30.7173,-4.29409,1
1402,39.0947,-3.69203,1
1403,39.0947,-3.69203,1
1404,33.5098,-3.21491,1
1405,33.5098,-3.99306,1
1406,39.0947,-3.08997,0
1407,50.2647,-3.69203,1
1408,50.2647,-4.29409,1
1409,39.0947,-3.08997,0
1410,41.8872,-3.99306,1
1411,41.8872,-3.391,1
1412,30.7173,-3.08997,1
1413,41.8872,-3.69203,1
1414,47.4722,-4.29409,1
1415,44.6797,-3.69203,1
1416,44.6797,-4.29409,1
1417,39.0947,-3.08997,0
1418,36.3023,-3.59512,1
1419,39.0947,-3.69203,1
1420,39.0947,-2.99306,0
1421,39.0947,-4.29409,1
1422,39.0947,-4.29409,1
1423,41.8872,-3.69203,1
1424,30.7173,-3.69203,1
1425,39.0947,-3.81697,1
1426,44.6797,-3.99306,1
1427,41.8872,-4.29409,1
1428,36.3023,-3.29409,1
1429,36.3023,-4.29409,1
1430,39.0947,-3.99306,1
1431,27.9248,-2.76261,1
1432,33.5098,-3.29409,1
1433,19.5474,-4.29409,1
1434,47.4722,-3.99306,1
1435,44.6797,-4.29409,1
1436,36.3023,-3.99306,1
1437,36.3023,-4.29409,1
1438,41.8872,-3.99306,1
1439,47.4722,-3.99306,1
1440,50.2647,-3.69203,1
1441,44.6797,-3.69203,1
1442,27.9248,-3.69203,1
1443,47.4722,-4.29409,1
1444,53.0571,-4.29409,1
1445,44.6797,-3.69203,1
1446,39.0947,-3.59512,1
1447,41.8872,-3.99306,1
1448,33.5098,-3.99306,1
1449,41.8872,-2.99306,0
1450,44.6797,-4.29409,1
1451,41.8872,-3.81697,1
1452,47.4722,-3.59512,1
1453,41.8872,-2.99306,0
1454,36.3023,-3.69203,1
1455,33.5098,-3.118,1
1456,50.2647,-4.29409,1
1457,41.8872,-3.69203,1
1458,44.6797,-4.29409,1
1459,36.3023,-3.69203,1
1460,36.3023,-3.08997,1
1461,33.5098,-3.69203,1
1462,44.6797,-4.29409,1
1463,27.9248,-4.29409,1
1464,39.0947,-3.59512,1
1465,47.4722,-3.51594,1
1466,22.3398,-2.48791,1
1467,50.2647,-4.29409,1
1468,53.0571,-3.69203,1
1469,44.6797,-3.99306,1
1470,30.7173,-3.69203,1
1471,30.7173,-4.29409,1
1472,44.6797,-3.99306,1
1473,39.0947,-3.69203,1
1474,30.7173,-3.391,1
1475,50.2647,-3.69203,1
1476,44.6797,-4.29409,1
1477,41.8872,-3.69203,1
1478,36.3023,-4.29409,1
1479,41.8872,-3.81697,1
1480,41.8872,-3.51594,1
1481,47.4722,-4.29409,1
1482,33.5098,-2.31182,0
1483,44.6797,-4.29409,1
1484,41.8872,-3.99306,1
1485,44.6797,-4.29409,1
1486,39.0947,-4.29409,1
1487,39.0947,-3.69203,1
1488,41.8872,-4.29409,1
1489,39.0947,-3.21491,0
1490,27.9248,-3.01534,1
1491,36.3023,-3.59512,1
1492,47.4722,-4.29409,1
1493,39.0947,-3.99306,1
1494,36.3023,-3.59512,1
1495,41.8872,-3.81697,1
1496,50.2647,-2.78894,0
1497,39.0947,-3.51594,1
1498,33.5098,-3.08997,1
1499,30.7173,-3.69203,1
1500,36.3023,-3.59512,1
1501,39.0947,-3.21491,1
1502,36.3023,-3.391,1
1503,47.4722,-3.59512,1
1504,33.5098,-3.69203,1
1505,41.8872,-4.29409,1
1506,36.3023,-3.59512,1
1507,39.0947,-3.81697,1
1508,44.6797,-3.29409,0
1509,41.8872,-3.69203,1
1510,47.4722,-3.69203,1
1511,33.5098,-3.29409,1
1512,50.2647,-4.29409,1
1513,50.2647,-3.69203,1
1514,44.6797,-4.29409,1
1515,33.5098,-2.81697,0
1516,33.5098,-3.08997,1
1517,39.0947,-3.69203,1
1518,47.4722,-3.69203,1
1519,22.3398,-4.29409,1
1520,22.3398,-3.08997,1
1521,27.9248,-2.48791,1
1522,22.3398,-3.51594,1
1523,39.0947,-3.99306,1
1524,41.8872,-3.33985,1
1525,44.6797,-3.69203,1
1526,30.7173,-3.29409,1
1527,39.0947,-4.29409,1
1528,47.4722,-3.69203,1
1529,44.6797,-4.29409,1
1530,39.0947,-2.99306,0
1531,36.3023,-3.99306,1
1532,39.0947,-2.5459,0
1533,33.5098,-3.21491,1
1534,47.4722,-4.29409,1
1535,44.6797,-3.69203,1
1536,47.4722,-3.08997,0
1537,44.6797,-4.29409,1
1538,41.8872,-3.21491,0
1539,44.6797,-3.69203,1
1540,36.3023,-3.69203,1
1541,41.8872,-2.99306,0
1542,39.0947,-4.29409,1
1543,44.6797,-3.69203,1
1544,47.4722,-4.29409,1
1545,41.8872,-3.99306,1
1546,36.3023,-3.51594,1
1547,41.8872,-4.29409,1
1548,44.6797,-3.69203,1
1549,36.3023,-3.99306,1
1550,44.6797,-2.99306,0
1551,36.3023,-4.29409,1
1552,44.6797,-4.29409,1
1553,36.3023,-3.21491,1
1554,27.9248,-3.08997,1
1555,33.5098,-3.99306,1
1556,39.0947,-4.29409,1
1557,50.2647,-4.29409,1
1558,41.8872,-4.29409,1
1559,36.3023,-4.29409,1
1560,39.0947,-3.33985,1
1561,36.3023,-3.51594,1
1562,30.7173,-3.69203,1
1563,44.6797,-4.29409,1
1564,44.6797,-3.51594,1
1565,36.3023,-2.5459,0
1566,33.5098,-3.21491,1
1567,39.0947,-3.51594,1
1568,41.8872,-3.69203,1
1569,36.3023,-3.59512,1
1570,33.5098,-3.59512,1
1571,41.8872,-4.29409,1
1572,33.5098,-4.29409,1
1573,27.9248,-4.29409,1
1574,30.7173,-4.29409,1
1575,39.0947,-3.59512,1
1576,53.0571,-3.69203,1
1577,30.7173,-3.69203,1
1578,36.3023,-3.51594,1
1579,36.3023,-4.29409,1
1580,47.4722,-3.99306,1
1581,41.8872,-4.29409,1
1582,44.6797,-3.21491,0
1583,44.6797,-3.69203,1
1584,50.2647,-4.29409,1
1585,36.3023,-3.99306,1
1586,30.7173,-3.69203,1
1587,36.3023,-3.99306,1
1588,39.0947,-3.2527,1
1589,50.2647,-4.29409,1
1590,39.0947,-3.69203,1
1591,39.0947,-4.29409,1
1592,44.6797,-4.29409,1
1593,47.4722,-4.29409,1
1594,30.7173,-3.08997,1
1595,36.3023,-3.69203,1
1596,25.1323,-4.29409,1
1597,33.5098,-3.51594,1
1598,33.5098,-3.69203,1
1599,25.1323,-2.58652,1
1600,44.6797,-3.99306,1
1601,50.2647,-4.29409,1
1602,47.4722,-2.78894,0
1603,41.8872,-3.81697,1
1604,30.7173,-3.14796,1
1605,39.0947,-3.51594,1
1606,39.0947,-4.29409,1
1607,39.0947,-3.21491,0
1608,25.1323,-3.51594,1
1609,36.3023,-2.99306,0
1610,36.3023,-2.80273,0
1611,39.0947,-3.59512,1
1612,47.4722,-4.29409,1
1613,44.6797,-3.391,0
1614,47.4722,-3.391,1
1615,47.4722,-3.69203,1
1616,44.6797,-3.51594,1
1617,47.4722,-3.08997,0
1618,47.4722,-3.99306,1
1619,50.2647,-3.08997,0
1620,25.1323,-2.41328,1
1621,22.3398,-3.08997,1
1622,47.4722,-3.69203,1
1623,47.4722,-3.81697,1
1624,44.6797,-3.81697,1
1625,25.1323,-1.80273,1
1626,41.8872,-4.29409,1
1627,19.5474,-2.11225,1
1628,16.7549,-2.73779,1
1629,36.3023,-3.81697,1
1630,33.5098,-4.29409,1
1631,44.6797,-3.99306,1
1632,41.8872,-4.29409,1
1633,41.8872,-3.33985,1
1634,39.0947,-3.21491,1
1635,27.9248,-2.391,1
1636,44.6797,-4.29409,1
1637,47.4722,-3.391,0
1638,33.5098,-3.01534,1
1639,44.6797,-3.99306,1
1640,25.1323,-1.68343,0
1641,39.0947,-3.51594,1
1642,36.3023,-4.29409,1
1643,44.6797,-3.69203,1
1644,39.0947,-3.69203,1
1645,41.8872,-4.29409,1
1646,44.6797,-3.69203,1
1647,44.6797,-4.29409,1
1648,44.6797,-3.99306,1
1649,47.4722,-3.69203,1
1650,39.0947,-2.80273,0
1651,36.3023,-3.59512,1
1652,39.0947,-3.99306,1
1653,27.9248,-2.72589,1
1654,27.9248,-1.80273,0
1655,47.4722,-3.59512,1
1656,36.3023,-3.69203,1
1657,41.8872,-4.29409,1
1658,41.8872,-3.69203,1
1659,27.9248,-2.99306,1
1660,33.5098,-2.28977,0
1661,39.0947,-3.81697,1
1662,39.0947,-3.69203,1
1663,41.8872,-4.29409,1
1664,36.3023,-4.29409,1
1665,33.5098,-3.59512,1
1666,47.4722,-4.29409,1
1667,44.6797,-3.391,0
1668,41.8872,-3.69203,1
1669,41.8872,-3.69203,1
1670,41.8872,-3.391,1
1671,41.8872,-4.29409,1
1672,33.5098,-3.99306,1
1673,39.0947,-4.29409,1
1674,36.3023,-3.69203,1
1675,41.8872,-4.29409,1
1676,41.8872,-4.29409,1
1677,44.6797,-3.21491,0
1678,47.4722,-3.99306,1
1679,41.8872,-3.08997,0
1680,36.3023,-2.61285,0
1681,44.6797,-3.69203,1
1682,47.4722,-3.51594,1
1683,44.6797,-3.69203,1
1684,36.3023,-3.391,1
1685,30.7173,-3.69203,1
1686,33.5098,-3.81697,1
1687,47.4722,-3.69203,1
1688,50.2647,-4.29409,1
1689,44.6797,-4.29409,1
1690,53.0571,-3.08997,1
1691,47.4722,-3.69203,1
1692,50.2647,-3.69203,1
1693,50.2647,-4.29409,1
1694,36.3023,-3.69203,1
1695,41.8872,-3.59512,1
1696,39.0947,-4.29409,1
1697,39.0947,-4.29409,1
1698,39.0947,-3.29409,1
1699,36.3023,-3.14796,1
1700,39.0947,-3.391,1
1701,47.4722,-4.29409,1
1702,36.3023,-3.59512,1
1703,39.0947,-4.29409,1
1704,36.3023,-4.29409,1
1705,47.4722,-3.51594,1
1706,41.8872,-3.69203,1
1707,39.0947,-3.51594,1
1708,27.9248,-3.99306,1
1709,44.6797,-4.29409,1
1710,36.3023,-3.21491,1
1711,41.8872,-3.99306,1
1712,36.3023,-3.59512,1
1713,39.0947,-2.99306,0
1714,30.7173,-3.69203,1
1715,33.5098,-3.14796,1
1716,39.0947,-3.51594,1
1717,25.1323,-2.84693,1
1718,39.0947,-4.29409,1
1719,36.3023,-3.59512,1
1720,41.8872,-3.69203,1
1721,41.8872,-3.08997,0
1722,33.5098,-3.69203,1
1723,36.3023,-3.08997,1
1724,39.0947,-3.391,1
1725,44.6797,-3.69203,1
1726,44.6797,-3.21491,0
1727,39.0947,-3.81697,1
1728,41.8872,-4.29409,1
1729,36.3023,-3.59512,1
1730,36.3023,-3.391,1
1731,36.3023,-3.81697,1
1732,39.0947,-3.99306,1
1733,30.7173,-3.69203,1
1734,47.4722,-4.29409,1
1735,50.2647,-4.29409,1
1736,50.2647,-4.29409,1
1737,41.8872,-4.29409,1
1738,39.0947,-3.99306,1
1739,44.6797,-3.99306,1
1740,44.6797,-2.78894,0
1741,47.4722,-3.99306,1
1742,44.6797,-3.99306,1
1743,25.1323,-4.29409,1
1744,19.5474,-3.99306,1
1745,41.8872,-3.51594,1
1746,44.6797,-3.59512,1
1747,30.7173,-2.28977,0
1748,41.8872,-3.08997,0
1749,53.0571,-4.29409,1
1750,44.6797,-3.99306,1
1751,33.5098,-3.69203,1
1752,33.5098,-4.29409,1
1753,39.0947,-4.29409,1
1754,36.3023,-4.29409,1
1755,44.6797,-4.29409,1
1756,36.3023,-3.391,1
1757,27.9248,-4.29409,1
1758,41.8872,-4.29409,1
1759,55.8496,-3.391,1
1760,44.6797,-4.29409,1
1761,39.0947,-3.81697,1
1762,33.5098,-3.69203,1
1763,44.6797,-3.69203,1
1764,36.3023,-3.99306,1
1765,41.8872,-3.391,1
1766,41.8872,-3.99306,1
1767,39.0947,-3.99306,1
1768,39.0947,-3.69203,1
1769,44.6797,-3.69203,1
1770,33.5098,-3.69203,1
1771,39.0947,-4.29409,1
1772,41.8872,-3.69203,1
1773,39.0947,-4.29409,1
1774,41.8872,-3.99306,1
1775,30.7173,-3.59512,1
1776,39.0947,-3.69203,1
1777,41.8872,-3.99306,1
1778,41.8872,-3.08997,0
1779,39.0947,-4.29409,1
1780,41.8872,-4.29409,1
1781,41.8872,-2.97187,0
1782,41.8872,-3.08997,0
1783,39.0947,-4.29409,1
1784,36.3023,-3.2527,1
1785,36.3023,-2.87912,0
1786,25.1323,-2.80273,1
1787,36.3023,-3.69203,1
1788,39.0947,-3.81697,1
1789,50.2647,-4.29409,1
1790,47.4722,-3.99306,1
1791,41.8872,-3.2527,1
1792,44.6797,-4.29409,1
1793,33.5098,-2.97187,1
1794,39.0947,-3.69203,1
1795,47.4722,-4.29409,1
1796,47.4722,-3.69203,1
1797,44.6797,-3.69203,1
1798,50.2647,-4.29409,1
1799,25.1323,-4.29409,1
1800,44.6797,-3.59512,1
1801,33.5098,-3.69203,1
1802,55.8496,-4.29409,1
1803,47.4722,-4.29409,1
1804,44.6797,-4.29409,1
1805,27.9248,-2.58652,1
1806,50.2647,-4.29409,1
1807,33.5098,-3.14796,1
1808,50.2647,-3.99306,1
1809,50.2647,-4.29409,1
1810,47.4722,-3.69203,1
1811,53.0571,-4.29409,1
1812,41.8872,-4.29409,1
1813,39.0947,-3.69203,1
1814,39.0947,-3.69203,1
1815,39.0947,-3.08997,0
1816,36.3023,-4.29409,1
1817,25.1323,-3.69203,1
1818,44.6797,-3.08997,0
1819,33.5098,-4.29409,1
1820,39.0947,-2.99306,0
1821,33.5098,-2.61285,0
1822,36.3023,-3.99306,1
1823,53.0571,-4.29409,1
1824,44.6797,-4.29409,1
1825,36.3023,-3.51594,1
1826,41.8872,-4.29409,1
1827,44.6797,-3.21491,0
1828,36.3023,-3.21491,1
1829,41.8872,-4.29409,1
1830,39.0947,-3.59512,1
1831,53.0571,-4.29409,1
1832,44.6797,-3.21491,0
1833,47.4722,-4.29409,1
1834,30.7173,-4.29409,1
1835,36.3023,-4.29409,1
1836,41.8872,-3.99306,1
1837,22.3398,-2.58652,1
1838,36.3023,-2.87912,0
1839,47.4722,-4.29409,1
1840,41.8872,-3.99306,1
1841,41.8872,-3.69203,1
1842,25.1323,-2.391,1
1843,41.8872,-4.29409,1
1844,41.8872,-3.69203,1
1845,36.3023,-2.80273,0
1846,36.3023,-4.29409,1
1847,33.5098,-3.08997,1
1848,44.6797,-3.51594,1
1849,36.3023,-3.29409,1
1850,41.8872,-4.29409,1
1851,33.5098,-3.21491,1
1852,41.8872,-3.21491,1
1853,36.3023,-3.391,1
1854,41.8872,-3.81697,1
1855,41.8872,-4.29409,1
1856,27.9248,-2.73779,1
1857,22.3398,-3.03882,1
1858,30.7173,-4.29409,1
1859,44.6797,-2.61285,0
1860,47.4722,-3.29409,0
1861,36.3023,-4.29409,1
1862,36.3023,-4.29409,1
1863,44.6797,-3.69203,1
1864,47.4722,-4.29409,1
1865,41.8872,-4.29409,1
1866,30.7173,-3.59512,1
1867,27.9248,-2.99306,1
1868,41.8872,-3.99306,1
1869,36.3023,-4.29409,1
1870,39.0947,-2.80273,0
1871,39.0947,-4.29409,1
1872,33.5098,-4.29409,1
1873,44.6797,-3.391,0
1874,41.8872,-3.391,1
1875,47.4722,-4.29409,1
1876,39.0947,-3.69203,1
1877,47.4722,-4.29409,1
1878,33.5098,-3.33985,1
1879,44.6797,-4.29409,1
1880,33.5098,-4.29409,1
1881,30.7173,-3.69203,1
1882,41.8872,-4.29409,1
1883,47.4722,-4.29409,1
1884,47.4722,-4.29409,1
1885,36.3023,-3.69203,1
1886,39.0947,-3.21491,1
1887,33.5098,-4.29409,1
1888,50.2647,-3.69203,1
1889,39.0947,-3.69203,1
1890,19.5474,-3.99306,1
1891,44.6797,-3.391,1
1892,41.8872,-3.69203,1
1893,39.0947,-3.391,1
1894,47.4722,-3.99306,1
1895,44.6797,-4.29409,1
1896,41.8872,-3.391,1
1897,39.0947,-3.69203,1
1898,36.3023,-3.69203,1
1899,44.6797,-3.81697,1
1900,39.0947,-3.69203,1
1901,44.6797,-3.69203,1
1902,41.8872,-4.29409,1
1903,41.8872,-4.29409,1
1904,39.0947,-3.69203,1
1905,47.4722,-3.81697,1
1906,47.4722,-3.08997,0
1907,47.4722,-4.29409,1
1908,47.4722,-3.69203,1
1909,41.8872,-3.69203,1
1910,33.5098,-3.29409,1
1911,39.0947,-3.69203,1
1912,41.8872,-4.29409,1
1913,47.4722,-3.69203,1
1914,30.7173,-3.69203,1
1915,39.0947,-3.69203,1
1916,47.4722,-4.29409,1
1917,39.0947,-3.99306,1
1918,44.6797,-4.29409,1
1919,53.0571,-3.99306,1
1920,50.2647,-3.21491,1
1921,47.4722,-3.391,1
1922,36.3023,-3.08997,1
1923,33.5098,-3.69203,1
1924,36.3023,-3.59512,1
1925,44.6797,-3.21491,0
1926,41.8872,-3.59512,1
1927,36.3023,-3.391,1
1928,50.2647,-4.29409,1
1929,39.0947,-3.51594,1
1930,50.2647,-4.29409,1
1931,50.2647,-3.69203,1
1932,41.8872,-3.69203,1
1933,27.9248,-2.76261,1
1934,33.5098,-3.69203,1
1935,25.1323,-2.24487,1
1936,41.8872,-4.29409,1
1937,41.8872,-4.29409,1
1938,36.3023,-3.59512,1
1939,41.8872,-3.99306,1
1940,39.0947,-3.81697,1
1941,41.8872,-3.44899,1
1942,39.0947,-3.21491,1
1943,55.8496,-3.391,0
1944,41.8872,-4.29409,1
1945,36.3023,-3.59512,1
1946,39.0947,-3.21491,1
1947,27.9248,-3.03882,1
1948,33.5098,-3.391,1
1949,36.3023,-3.99306,1
1950,39.0947,-3.81697,1
1951,36.3023,-2.99306,0
1952,44.6797,-3.69203,1
1953,39.0947,-3.81697,1
1954,39.0947,-3.69203,1
1955,36.3023,-4.29409,1
1956,39.0947,-3.14796,0
1957,44.6797,-4.29409,1
1958,53.0571,-4.29409,1
1959,39.0947,-3.81697,1
1960,39.0947,-4.29409,1
1961,41.8872,-4.29409,1
1962,44.6797,-4.29409,1
1963,39.0947,-3.69203,1
1964,36.3023,-3.69203,1
1965,39.0947,-4.29409,1
1966,41.8872,-4.29409,1
1967,39.0947,-3.51594,1
1968,39.0947,-3.391,1
1969,50.2647,-3.08997,0
1970,27.9248,-4.29409,1
1971,22.3398,-3.03882,1
1972,27.9248,-4.29409,1
1973,47.4722,-3.69203,1
1974,41.8872,-4.29409,1
1975,41.8872,-3.59512,1
1976,41.8872,-2.99306,0
1977,47.4722,-3.69203,1
1978,36.3023,-4.29409,1
1979,41.8872,-4.29409,1
1980,41.8872,-4.29409,1
1981,47.4722,-3.51594,1
1982,47.4722,-3.69203,1
1983,50.2647,-4.29409,1
1984,41.8872,-4.29409,1
1985,39.0947,-4.29409,1
1986,41.8872,-4.29409,1
1987,39.0947,-4.29409,1
1988,44.6797,-4.29409,1
1989,39.0947,-3.69203,1
1990,25.1323,-2.80273,1
1991,36.3023,-3.21491,1
1992,36.3023,-3.81697,1
1993,50.2647,-4.29409,1
1994,50.2647,-3.81697,1
1995,30.7173,-4.29409,1
1996,41.8872,-4.29409,1
1997,39.0947,-4.29409,1
1998,33.5098,-3.69203,1
1999,36.3023,-3.69203,1
2000,39.0947,-4.29409,1
2001,44.6797,-4.29409,1
2002,41.8872,-4.29409,1
2003,50.2647,-4.29409,1
2004,33.5098,-3.69203,1
